Theta [deg.]  Phi   [deg.]  Abs(Dir.)[dBi   ]   Abs(Left )[dBi   ]  Phase(Left )[deg.]  Abs(Right)[dBi   ]  Phase(Right)[deg.]  Ax.Ratio[dB    ]    
------------------------------------------------------------------------------------------------------------------------------------------------------
   0.000          90.000            1.005e+01          -1.221e+01             297.721           1.003e+01             298.867           1.345e+00     
   1.000          90.000            1.005e+01          -1.221e+01             297.630           1.002e+01             298.774           1.346e+00     
   2.000          90.000            1.004e+01          -1.220e+01             297.355           1.001e+01             298.495           1.350e+00     
   3.000          90.000            1.002e+01          -1.218e+01             296.898           9.992e+00             298.031           1.356e+00     
   4.000          90.000            9.992e+00          -1.215e+01             296.258           9.965e+00             297.381           1.364e+00     
   5.000          90.000            9.958e+00          -1.212e+01             295.436           9.931e+00             296.545           1.375e+00     
   6.000          90.000            9.916e+00          -1.208e+01             294.432           9.889e+00             295.524           1.388e+00     
   7.000          90.000            9.867e+00          -1.203e+01             293.246           9.839e+00             294.318           1.404e+00     
   8.000          90.000            9.811e+00          -1.198e+01             291.880           9.782e+00             292.927           1.422e+00     
   9.000          90.000            9.747e+00          -1.192e+01             290.333           9.717e+00             291.351           1.443e+00     
  10.000          90.000            9.675e+00          -1.185e+01             288.607           9.645e+00             289.591           1.466e+00     
  11.000          90.000            9.597e+00          -1.178e+01             286.701           9.565e+00             287.648           1.492e+00     
  12.000          90.000            9.511e+00          -1.171e+01             284.617           9.478e+00             285.520           1.520e+00     
  13.000          90.000            9.417e+00          -1.163e+01             282.355           9.383e+00             283.210           1.550e+00     
  14.000          90.000            9.317e+00          -1.155e+01             279.916           9.281e+00             280.718           1.583e+00     
  15.000          90.000            9.209e+00          -1.147e+01             277.300           9.172e+00             278.044           1.619e+00     
  16.000          90.000            9.094e+00          -1.138e+01             274.507           9.055e+00             275.189           1.657e+00     
  17.000          90.000            8.973e+00          -1.130e+01             271.537           8.932e+00             272.153           1.697e+00     
  18.000          90.000            8.844e+00          -1.121e+01             268.391           8.801e+00             268.939           1.740e+00     
  19.000          90.000            8.709e+00          -1.113e+01             265.067           8.664e+00             265.547           1.786e+00     
  20.000          90.000            8.567e+00          -1.104e+01             261.566           8.520e+00             261.978           1.833e+00     
  21.000          90.000            8.419e+00          -1.096e+01             257.887           8.369e+00             258.234           1.884e+00     
  22.000          90.000            8.264e+00          -1.088e+01             254.028           8.211e+00             254.315           1.936e+00     
  23.000          90.000            8.104e+00          -1.081e+01             249.988           8.047e+00             250.225           1.991e+00     
  24.000          90.000            7.936e+00          -1.073e+01             245.766           7.877e+00             245.965           2.048e+00     
  25.000          90.000            7.763e+00          -1.067e+01             241.360           7.700e+00             241.536           2.107e+00     
  26.000          90.000            7.584e+00          -1.060e+01             236.769           7.517e+00             236.942           2.169e+00     
  27.000          90.000            7.399e+00          -1.054e+01             231.991           7.328e+00             232.183           2.233e+00     
  28.000          90.000            7.208e+00          -1.048e+01             227.025           7.133e+00             227.263           2.300e+00     
  29.000          90.000            7.010e+00          -1.042e+01             221.871           6.931e+00             222.184           2.370e+00     
  30.000          90.000            6.807e+00          -1.037e+01             216.528           6.723e+00             216.947           2.443e+00     
  31.000          90.000            6.598e+00          -1.033e+01             210.998           6.509e+00             211.555           2.519e+00     
  32.000          90.000            6.383e+00          -1.028e+01             205.281           6.288e+00             206.010           2.598e+00     
  33.000          90.000            6.162e+00          -1.023e+01             199.382           6.061e+00             200.313           2.682e+00     
  34.000          90.000            5.934e+00          -1.019e+01             193.304           5.827e+00             194.466           2.770e+00     
  35.000          90.000            5.701e+00          -1.015e+01             187.052           5.586e+00             188.469           2.864e+00     
  36.000          90.000            5.461e+00          -1.011e+01             180.633           5.339e+00             182.324           2.962e+00     
  37.000          90.000            5.215e+00          -1.007e+01             174.055           5.085e+00             176.030           3.067e+00     
  38.000          90.000            4.964e+00          -1.003e+01             167.325           4.824e+00             169.588           3.177e+00     
  39.000          90.000            4.706e+00          -9.988e+00             160.452           4.556e+00             162.998           3.295e+00     
  40.000          90.000            4.444e+00          -9.949e+00             153.444           4.283e+00             156.262           3.418e+00     
  41.000          90.000            4.176e+00          -9.912e+00             146.308           4.004e+00             149.378           3.548e+00     
  42.000          90.000            3.905e+00          -9.878e+00             139.051           3.719e+00             142.350           3.685e+00     
  43.000          90.000            3.629e+00          -9.847e+00             131.677           3.429e+00             135.179           3.828e+00     
  44.000          90.000            3.350e+00          -9.822e+00             124.189           3.136e+00             127.868           3.976e+00     
  45.000          90.000            3.068e+00          -9.802e+00             116.590           2.838e+00             120.421           4.130e+00     
  46.000          90.000            2.784e+00          -9.790e+00             108.876           2.537e+00             112.843           4.287e+00     
  47.000          90.000            2.498e+00          -9.785e+00             101.046           2.234e+00             105.140           4.449e+00     
  48.000          90.000            2.211e+00          -9.789e+00              93.095           1.927e+00              97.319           4.614e+00     
  49.000          90.000            1.921e+00          -9.803e+00              85.018           1.618e+00              89.386           4.782e+00     
  50.000          90.000            1.629e+00          -9.825e+00              76.809           1.307e+00              81.348           4.952e+00     
  51.000          90.000            1.335e+00          -9.856e+00              68.461           9.916e-01              73.211           5.126e+00     
  52.000          90.000            1.038e+00          -9.896e+00              59.970           6.729e-01              64.980           5.304e+00     
  53.000          90.000            7.379e-01          -9.942e+00              51.331           3.497e-01              56.659           5.487e+00     
  54.000          90.000            4.340e-01          -9.995e+00              42.542           2.148e-02              48.249           5.677e+00     
  55.000          90.000            1.259e-01          -1.005e+01              33.605          -3.124e-01              39.751           5.875e+00     
  56.000          90.000           -1.864e-01          -1.011e+01              24.523          -6.524e-01              31.161           6.084e+00     
  57.000          90.000           -5.027e-01          -1.017e+01              15.301          -9.986e-01              22.476           6.305e+00     
  58.000          90.000           -8.226e-01          -1.023e+01               5.948          -1.351e+00              13.694           6.539e+00     
  59.000          90.000           -1.145e+00          -1.030e+01             356.474          -1.708e+00               4.808           6.790e+00     
  60.000          90.000           -1.469e+00          -1.036e+01             346.892          -2.070e+00             355.818           7.056e+00     
  61.000          90.000           -1.793e+00          -1.041e+01             337.214          -2.435e+00             346.720           7.339e+00     
  62.000          90.000           -2.116e+00          -1.047e+01             327.451          -2.801e+00             337.519           7.638e+00     
  63.000          90.000           -2.435e+00          -1.053e+01             317.613          -3.166e+00             328.218           7.952e+00     
  64.000          90.000           -2.750e+00          -1.059e+01             307.709          -3.529e+00             318.828           8.278e+00     
  65.000          90.000           -3.059e+00          -1.066e+01             297.744          -3.889e+00             309.361           8.614e+00     
  66.000          90.000           -3.363e+00          -1.072e+01             287.721          -4.244e+00             299.833           8.958e+00     
  67.000          90.000           -3.661e+00          -1.079e+01             277.638          -4.595e+00             290.259           9.308e+00     
  68.000          90.000           -3.955e+00          -1.087e+01             267.495          -4.942e+00             280.656           9.662e+00     
  69.000          90.000           -4.245e+00          -1.096e+01             257.284          -5.286e+00             271.036           1.002e+01     
  70.000          90.000           -4.533e+00          -1.105e+01             247.000          -5.629e+00             261.409           1.039e+01     
  71.000          90.000           -4.822e+00          -1.115e+01             236.636          -5.973e+00             251.778           1.076e+01     
  72.000          90.000           -5.112e+00          -1.126e+01             226.185          -6.319e+00             242.141           1.115e+01     
  73.000          90.000           -5.403e+00          -1.137e+01             215.639          -6.670e+00             232.492           1.156e+01     
  74.000          90.000           -5.697e+00          -1.149e+01             204.996          -7.026e+00             222.820           1.199e+01     
  75.000          90.000           -5.993e+00          -1.161e+01             194.255          -7.386e+00             213.110           1.245e+01     
  76.000          90.000           -6.289e+00          -1.173e+01             183.418          -7.750e+00             203.350           1.295e+01     
  77.000          90.000           -6.582e+00          -1.185e+01             172.495          -8.115e+00             193.528           1.349e+01     
  78.000          90.000           -6.870e+00          -1.196e+01             161.498          -8.479e+00             183.635           1.407e+01     
  79.000          90.000           -7.151e+00          -1.207e+01             150.445          -8.838e+00             173.672           1.470e+01     
  80.000          90.000           -7.421e+00          -1.218e+01             139.356          -9.189e+00             163.645           1.537e+01     
  81.000          90.000           -7.679e+00          -1.228e+01             128.253          -9.528e+00             153.565           1.608e+01     
  82.000          90.000           -7.923e+00          -1.238e+01             117.156          -9.853e+00             143.454           1.682e+01     
  83.000          90.000           -8.155e+00          -1.247e+01             106.081          -1.016e+01             133.334           1.758e+01     
  84.000          90.000           -8.375e+00          -1.257e+01              95.037          -1.046e+01             123.230           1.834e+01     
  85.000          90.000           -8.587e+00          -1.267e+01              84.026          -1.074e+01             113.162           1.909e+01     
  86.000          90.000           -8.793e+00          -1.279e+01              73.043          -1.100e+01             103.146           1.979e+01     
  87.000          90.000           -8.997e+00          -1.291e+01              62.070          -1.126e+01              93.191           2.045e+01     
  88.000          90.000           -9.201e+00          -1.305e+01              51.087          -1.151e+01              83.297           2.104e+01     
  89.000          90.000           -9.407e+00          -1.320e+01              40.069          -1.175e+01              73.458           2.157e+01     
  90.000          90.000           -9.616e+00          -1.337e+01              28.988          -1.199e+01              63.661           2.203e+01     
  91.000          90.000           -9.827e+00          -1.354e+01              17.824          -1.223e+01              53.891           2.244e+01     
  92.000          90.000           -1.004e+01          -1.372e+01               6.563          -1.247e+01              44.128           2.284e+01     
  93.000          90.000           -1.025e+01          -1.390e+01             355.208          -1.270e+01              34.358           2.325e+01     
  94.000          90.000           -1.045e+01          -1.406e+01             343.777          -1.293e+01              24.564           2.371e+01     
  95.000          90.000           -1.064e+01          -1.422e+01             332.306          -1.315e+01              14.738           2.426e+01     
  96.000          90.000           -1.082e+01          -1.435e+01             320.845          -1.336e+01               4.871           2.492e+01     
  97.000          90.000           -1.099e+01          -1.447e+01             309.453          -1.357e+01             354.962           2.570e+01     
  98.000          90.000           -1.114e+01          -1.458e+01             298.188          -1.376e+01             345.009           2.658e+01     
  99.000          90.000           -1.128e+01          -1.467e+01             287.096          -1.394e+01             335.017           2.747e+01     
 100.000          90.000           -1.141e+01          -1.477e+01             276.205          -1.410e+01             324.989           2.824e+01     
 101.000          90.000           -1.154e+01          -1.489e+01             265.521          -1.425e+01             314.933           2.870e+01     
 102.000          90.000           -1.167e+01          -1.502e+01             255.025          -1.438e+01             304.858           2.864e+01     
 103.000          90.000           -1.181e+01          -1.518e+01             244.677          -1.448e+01             294.776           2.797e+01     
 104.000          90.000           -1.194e+01          -1.537e+01             234.422          -1.457e+01             284.702           2.675e+01     
 105.000          90.000           -1.209e+01          -1.560e+01             224.193          -1.464e+01             274.655           2.517e+01     
 106.000          90.000           -1.223e+01          -1.586e+01             213.919          -1.469e+01             264.659           2.344e+01     
 107.000          90.000           -1.237e+01          -1.615e+01             203.536          -1.473e+01             254.736           2.173e+01     
 108.000          90.000           -1.251e+01          -1.646e+01             192.995          -1.475e+01             244.910           2.016e+01     
 109.000          90.000           -1.263e+01          -1.676e+01             182.278          -1.475e+01             235.199           1.879e+01     
 110.000          90.000           -1.274e+01          -1.705e+01             171.407          -1.476e+01             225.616           1.765e+01     
 111.000          90.000           -1.283e+01          -1.730e+01             160.454          -1.476e+01             216.161           1.676e+01     
 112.000          90.000           -1.291e+01          -1.751e+01             149.538          -1.477e+01             206.824           1.612e+01     
 113.000          90.000           -1.298e+01          -1.766e+01             138.808          -1.479e+01             197.584           1.569e+01     
 114.000          90.000           -1.304e+01          -1.778e+01             128.421          -1.482e+01             188.410           1.546e+01     
 115.000          90.000           -1.310e+01          -1.786e+01             118.511          -1.487e+01             179.260           1.538e+01     
 116.000          90.000           -1.317e+01          -1.793e+01             109.171          -1.494e+01             170.089           1.538e+01     
 117.000          90.000           -1.325e+01          -1.800e+01             100.447          -1.502e+01             160.851           1.541e+01     
 118.000          90.000           -1.334e+01          -1.810e+01              92.344          -1.511e+01             151.505           1.538e+01     
 119.000          90.000           -1.345e+01          -1.824e+01              84.832          -1.520e+01             142.026           1.524e+01     
 120.000          90.000           -1.357e+01          -1.844e+01              77.860          -1.529e+01             132.405           1.492e+01     
 121.000          90.000           -1.370e+01          -1.870e+01              71.367          -1.534e+01             122.664           1.439e+01     
 122.000          90.000           -1.382e+01          -1.903e+01              65.282          -1.537e+01             112.855           1.366e+01     
 123.000          90.000           -1.392e+01          -1.943e+01              59.533          -1.536e+01             103.062           1.274e+01     
 124.000          90.000           -1.401e+01          -1.991e+01              54.045          -1.530e+01              93.386           1.172e+01     
 125.000          90.000           -1.406e+01          -2.045e+01              48.743          -1.520e+01              83.938           1.065e+01     
 126.000          90.000           -1.408e+01          -2.104e+01              43.549          -1.506e+01              74.819           9.591e+00     
 127.000          90.000           -1.407e+01          -2.168e+01              38.388          -1.490e+01              66.106           8.602e+00     
 128.000          90.000           -1.404e+01          -2.233e+01              33.188          -1.473e+01              57.847           7.716e+00     
 129.000          90.000           -1.399e+01          -2.297e+01              27.889          -1.457e+01              50.060           6.957e+00     
 130.000          90.000           -1.393e+01          -2.356e+01              22.457          -1.443e+01              42.737           6.340e+00     
 131.000          90.000           -1.389e+01          -2.407e+01              16.902          -1.433e+01              35.851           5.871e+00     
 132.000          90.000           -1.387e+01          -2.446e+01              11.287          -1.427e+01              29.362           5.555e+00     
 133.000          90.000           -1.389e+01          -2.470e+01               5.732          -1.426e+01              23.223           5.393e+00     
 134.000          90.000           -1.394e+01          -2.476e+01               0.387          -1.432e+01              17.381           5.387e+00     
 135.000          90.000           -1.404e+01          -2.465e+01             355.397          -1.444e+01              11.782           5.538e+00     
 136.000          90.000           -1.419e+01          -2.439e+01             350.864          -1.462e+01               6.372           5.853e+00     
 137.000          90.000           -1.439e+01          -2.401e+01             346.822          -1.489e+01               1.092           6.341e+00     
 138.000          90.000           -1.463e+01          -2.355e+01             343.247          -1.522e+01             355.886           7.021e+00     
 139.000          90.000           -1.491e+01          -2.303e+01             340.073          -1.564e+01             350.688           7.926e+00     
 140.000          90.000           -1.524e+01          -2.250e+01             337.218          -1.614e+01             345.430           9.108e+00     
 141.000          90.000           -1.558e+01          -2.197e+01             334.595          -1.672e+01             340.034           1.066e+01     
 142.000          90.000           -1.595e+01          -2.147e+01             332.129          -1.738e+01             334.407           1.273e+01     
 143.000          90.000           -1.632e+01          -2.101e+01             329.753          -1.812e+01             328.443           1.567e+01     
 144.000          90.000           -1.668e+01          -2.061e+01             327.414          -1.894e+01             322.013           2.037e+01     
 145.000          90.000           -1.703e+01          -2.027e+01             325.068          -1.982e+01             314.968           3.168e+01     
 146.000          90.000           -1.735e+01          -2.001e+01             322.675          -2.075e+01             307.141           2.746e+01     
 147.000          90.000           -1.765e+01          -1.982e+01             320.199          -2.168e+01             298.373           1.944e+01     
 148.000          90.000           -1.791e+01          -1.972e+01             317.605          -2.259e+01             288.553           1.573e+01     
 149.000          90.000           -1.816e+01          -1.971e+01             314.852          -2.339e+01             277.700           1.359e+01     
 150.000          90.000           -1.840e+01          -1.978e+01             311.896          -2.403e+01             266.050           1.239e+01     
 151.000          90.000           -1.863e+01          -1.995e+01             308.679          -2.446e+01             254.077           1.191e+01     
 152.000          90.000           -1.887e+01          -2.021e+01             305.128          -2.465e+01             242.390           1.203e+01     
 153.000          90.000           -1.914e+01          -2.057e+01             301.145          -2.466e+01             231.526           1.271e+01     
 154.000          90.000           -1.943e+01          -2.102e+01             296.604          -2.455e+01             221.806           1.397e+01     
 155.000          90.000           -1.974e+01          -2.157e+01             291.336          -2.438e+01             213.315           1.590e+01     
 156.000          90.000           -2.008e+01          -2.220e+01             285.121          -2.421e+01             205.981           1.878e+01     
 157.000          90.000           -2.042e+01          -2.288e+01             277.690          -2.407e+01             199.659           2.333e+01     
 158.000          90.000           -2.076e+01          -2.357e+01             268.757          -2.399e+01             194.188           3.241e+01     
 159.000          90.000           -2.106e+01          -2.417e+01             258.123          -2.397e+01             189.422           3.875e+01     
 160.000          90.000           -2.129e+01          -2.458e+01             245.886          -2.404e+01             185.236           3.018e+01     
 161.000          90.000           -2.140e+01          -2.465e+01             232.651          -2.418e+01             181.527           3.128e+01     
 162.000          90.000           -2.137e+01          -2.436e+01             219.477          -2.440e+01             178.214           4.000e+01     
 163.000          90.000           -2.119e+01          -2.374e+01             207.415          -2.470e+01             175.231           2.515e+01     
 164.000          90.000           -2.086e+01          -2.292e+01             197.059          -2.508e+01             172.524           1.814e+01     
 165.000          90.000           -2.041e+01          -2.201e+01             188.494          -2.554e+01             170.049           1.396e+01     
 166.000          90.000           -1.989e+01          -2.109e+01             181.520          -2.607e+01             167.769           1.109e+01     
 167.000          90.000           -1.934e+01          -2.022e+01             175.852          -2.667e+01             165.654           8.991e+00     
 168.000          90.000           -1.877e+01          -1.942e+01             171.221          -2.735e+01             163.676           7.387e+00     
 169.000          90.000           -1.822e+01          -1.869e+01             167.410          -2.809e+01             161.811           6.130e+00     
 170.000          90.000           -1.770e+01          -1.804e+01             164.255          -2.889e+01             160.036           5.125e+00     
 171.000          90.000           -1.722e+01          -1.746e+01             161.630          -2.975e+01             158.332           4.312e+00     
 172.000          90.000           -1.678e+01          -1.696e+01             159.444          -3.064e+01             156.682           3.649e+00     
 173.000          90.000           -1.640e+01          -1.653e+01             157.627          -3.157e+01             155.079           3.109e+00     
 174.000          90.000           -1.607e+01          -1.617e+01             156.130          -3.250e+01             153.515           2.671e+00     
 175.000          90.000           -1.579e+01          -1.586e+01             154.914          -3.340e+01             152.012           2.320e+00     
 176.000          90.000           -1.556e+01          -1.562e+01             153.951          -3.424e+01             150.607           2.045e+00     
 177.000          90.000           -1.538e+01          -1.543e+01             153.221          -3.497e+01             149.360           1.838e+00     
 178.000          90.000           -1.525e+01          -1.529e+01             152.709          -3.554e+01             148.361           1.695e+00     
 179.000          90.000           -1.518e+01          -1.521e+01             152.406          -3.590e+01             147.709           1.610e+00     
 180.000          90.000           -1.515e+01          -1.519e+01             152.305          -3.602e+01             147.481           1.582e+00     
 179.000         270.000           -1.518e+01          -1.521e+01             152.406          -3.590e+01             147.709           1.610e+00     
 178.000         270.000           -1.525e+01          -1.529e+01             152.709          -3.554e+01             148.361           1.695e+00     
 177.000         270.000           -1.538e+01          -1.543e+01             153.221          -3.497e+01             149.360           1.838e+00     
 176.000         270.000           -1.556e+01          -1.562e+01             153.951          -3.424e+01             150.607           2.045e+00     
 175.000         270.000           -1.579e+01          -1.586e+01             154.914          -3.340e+01             152.011           2.320e+00     
 174.000         270.000           -1.607e+01          -1.617e+01             156.130          -3.250e+01             153.515           2.671e+00     
 173.000         270.000           -1.640e+01          -1.653e+01             157.627          -3.157e+01             155.078           3.109e+00     
 172.000         270.000           -1.678e+01          -1.696e+01             159.443          -3.064e+01             156.682           3.649e+00     
 171.000         270.000           -1.722e+01          -1.746e+01             161.630          -2.975e+01             158.332           4.311e+00     
 170.000         270.000           -1.770e+01          -1.804e+01             164.255          -2.889e+01             160.036           5.125e+00     
 169.000         270.000           -1.822e+01          -1.869e+01             167.410          -2.809e+01             161.811           6.130e+00     
 168.000         270.000           -1.877e+01          -1.942e+01             171.220          -2.735e+01             163.676           7.387e+00     
 167.000         270.000           -1.934e+01          -2.022e+01             175.852          -2.667e+01             165.654           8.991e+00     
 166.000         270.000           -1.989e+01          -2.109e+01             181.520          -2.607e+01             167.769           1.109e+01     
 165.000         270.000           -2.041e+01          -2.201e+01             188.494          -2.554e+01             170.049           1.396e+01     
 164.000         270.000           -2.086e+01          -2.292e+01             197.059          -2.508e+01             172.524           1.814e+01     
 163.000         270.000           -2.119e+01          -2.374e+01             207.415          -2.470e+01             175.231           2.515e+01     
 162.000         270.000           -2.137e+01          -2.436e+01             219.477          -2.440e+01             178.215           4.000e+01     
 161.000         270.000           -2.140e+01          -2.465e+01             232.651          -2.418e+01             181.527           3.128e+01     
 160.000         270.000           -2.129e+01          -2.458e+01             245.886          -2.404e+01             185.236           3.018e+01     
 159.000         270.000           -2.106e+01          -2.417e+01             258.123          -2.397e+01             189.422           3.875e+01     
 158.000         270.000           -2.076e+01          -2.357e+01             268.757          -2.399e+01             194.188           3.241e+01     
 157.000         270.000           -2.042e+01          -2.288e+01             277.690          -2.407e+01             199.659           2.333e+01     
 156.000         270.000           -2.008e+01          -2.220e+01             285.121          -2.421e+01             205.981           1.878e+01     
 155.000         270.000           -1.974e+01          -2.157e+01             291.336          -2.438e+01             213.315           1.590e+01     
 154.000         270.000           -1.943e+01          -2.102e+01             296.604          -2.455e+01             221.806           1.397e+01     
 153.000         270.000           -1.914e+01          -2.057e+01             301.145          -2.466e+01             231.526           1.271e+01     
 152.000         270.000           -1.887e+01          -2.021e+01             305.127          -2.465e+01             242.390           1.203e+01     
 151.000         270.000           -1.863e+01          -1.995e+01             308.679          -2.446e+01             254.077           1.191e+01     
 150.000         270.000           -1.840e+01          -1.978e+01             311.896          -2.403e+01             266.050           1.239e+01     
 149.000         270.000           -1.816e+01          -1.971e+01             314.852          -2.339e+01             277.700           1.359e+01     
 148.000         270.000           -1.791e+01          -1.972e+01             317.604          -2.259e+01             288.553           1.573e+01     
 147.000         270.000           -1.765e+01          -1.982e+01             320.199          -2.168e+01             298.373           1.944e+01     
 146.000         270.000           -1.735e+01          -2.001e+01             322.674          -2.075e+01             307.141           2.746e+01     
 145.000         270.000           -1.703e+01          -2.027e+01             325.068          -1.982e+01             314.968           3.168e+01     
 144.000         270.000           -1.668e+01          -2.061e+01             327.414          -1.894e+01             322.013           2.037e+01     
 143.000         270.000           -1.632e+01          -2.101e+01             329.753          -1.812e+01             328.443           1.567e+01     
 142.000         270.000           -1.595e+01          -2.147e+01             332.129          -1.738e+01             334.408           1.273e+01     
 141.000         270.000           -1.558e+01          -2.197e+01             334.595          -1.672e+01             340.034           1.066e+01     
 140.000         270.000           -1.524e+01          -2.250e+01             337.218          -1.614e+01             345.430           9.108e+00     
 139.000         270.000           -1.491e+01          -2.303e+01             340.073          -1.564e+01             350.688           7.926e+00     
 138.000         270.000           -1.463e+01          -2.355e+01             343.247          -1.522e+01             355.886           7.021e+00     
 137.000         270.000           -1.439e+01          -2.401e+01             346.822          -1.489e+01               1.093           6.341e+00     
 136.000         270.000           -1.419e+01          -2.439e+01             350.864          -1.462e+01               6.372           5.853e+00     
 135.000         270.000           -1.404e+01          -2.465e+01             355.397          -1.444e+01              11.782           5.538e+00     
 134.000         270.000           -1.394e+01          -2.476e+01               0.386          -1.432e+01              17.381           5.387e+00     
 133.000         270.000           -1.389e+01          -2.470e+01               5.731          -1.426e+01              23.223           5.393e+00     
 132.000         270.000           -1.387e+01          -2.446e+01              11.287          -1.427e+01              29.362           5.555e+00     
 131.000         270.000           -1.389e+01          -2.407e+01              16.901          -1.433e+01              35.851           5.871e+00     
 130.000         270.000           -1.393e+01          -2.356e+01              22.457          -1.443e+01              42.737           6.340e+00     
 129.000         270.000           -1.399e+01          -2.297e+01              27.888          -1.457e+01              50.060           6.957e+00     
 128.000         270.000           -1.404e+01          -2.233e+01              33.188          -1.473e+01              57.847           7.716e+00     
 127.000         270.000           -1.407e+01          -2.168e+01              38.388          -1.490e+01              66.106           8.602e+00     
 126.000         270.000           -1.408e+01          -2.104e+01              43.549          -1.506e+01              74.819           9.591e+00     
 125.000         270.000           -1.406e+01          -2.045e+01              48.742          -1.520e+01              83.938           1.065e+01     
 124.000         270.000           -1.401e+01          -1.991e+01              54.045          -1.530e+01              93.386           1.172e+01     
 123.000         270.000           -1.392e+01          -1.943e+01              59.533          -1.536e+01             103.062           1.274e+01     
 122.000         270.000           -1.382e+01          -1.903e+01              65.282          -1.537e+01             112.855           1.366e+01     
 121.000         270.000           -1.370e+01          -1.870e+01              71.367          -1.534e+01             122.664           1.439e+01     
 120.000         270.000           -1.357e+01          -1.844e+01              77.860          -1.529e+01             132.405           1.492e+01     
 119.000         270.000           -1.345e+01          -1.824e+01              84.832          -1.520e+01             142.026           1.524e+01     
 118.000         270.000           -1.334e+01          -1.810e+01              92.344          -1.511e+01             151.506           1.538e+01     
 117.000         270.000           -1.325e+01          -1.800e+01             100.447          -1.502e+01             160.851           1.541e+01     
 116.000         270.000           -1.317e+01          -1.793e+01             109.171          -1.494e+01             170.089           1.538e+01     
 115.000         270.000           -1.310e+01          -1.786e+01             118.511          -1.487e+01             179.260           1.538e+01     
 114.000         270.000           -1.304e+01          -1.778e+01             128.421          -1.482e+01             188.410           1.546e+01     
 113.000         270.000           -1.298e+01          -1.766e+01             138.808          -1.479e+01             197.585           1.569e+01     
 112.000         270.000           -1.291e+01          -1.751e+01             149.538          -1.477e+01             206.824           1.612e+01     
 111.000         270.000           -1.283e+01          -1.730e+01             160.454          -1.476e+01             216.161           1.676e+01     
 110.000         270.000           -1.274e+01          -1.705e+01             171.407          -1.476e+01             225.616           1.765e+01     
 109.000         270.000           -1.263e+01          -1.676e+01             182.278          -1.475e+01             235.199           1.879e+01     
 108.000         270.000           -1.251e+01          -1.646e+01             192.995          -1.475e+01             244.910           2.016e+01     
 107.000         270.000           -1.237e+01          -1.615e+01             203.536          -1.473e+01             254.736           2.173e+01     
 106.000         270.000           -1.223e+01          -1.586e+01             213.919          -1.469e+01             264.659           2.344e+01     
 105.000         270.000           -1.209e+01          -1.560e+01             224.193          -1.464e+01             274.655           2.517e+01     
 104.000         270.000           -1.194e+01          -1.537e+01             234.422          -1.457e+01             284.702           2.675e+01     
 103.000         270.000           -1.181e+01          -1.518e+01             244.677          -1.448e+01             294.776           2.797e+01     
 102.000         270.000           -1.167e+01          -1.502e+01             255.025          -1.438e+01             304.858           2.864e+01     
 101.000         270.000           -1.154e+01          -1.489e+01             265.521          -1.425e+01             314.933           2.870e+01     
 100.000         270.000           -1.141e+01          -1.477e+01             276.205          -1.410e+01             324.989           2.824e+01     
  99.000         270.000           -1.128e+01          -1.467e+01             287.096          -1.394e+01             335.017           2.747e+01     
  98.000         270.000           -1.114e+01          -1.458e+01             298.188          -1.376e+01             345.009           2.658e+01     
  97.000         270.000           -1.099e+01          -1.447e+01             309.453          -1.357e+01             354.962           2.570e+01     
  96.000         270.000           -1.082e+01          -1.435e+01             320.845          -1.336e+01               4.871           2.492e+01     
  95.000         270.000           -1.064e+01          -1.422e+01             332.305          -1.315e+01              14.738           2.426e+01     
  94.000         270.000           -1.045e+01          -1.406e+01             343.777          -1.293e+01              24.564           2.371e+01     
  93.000         270.000           -1.025e+01          -1.390e+01             355.208          -1.270e+01              34.358           2.325e+01     
  92.000         270.000           -1.004e+01          -1.372e+01               6.563          -1.247e+01              44.128           2.284e+01     
  91.000         270.000           -9.827e+00          -1.354e+01              17.823          -1.223e+01              53.891           2.244e+01     
  90.000         270.000           -9.616e+00          -1.337e+01              28.988          -1.199e+01              63.661           2.203e+01     
  89.000         270.000           -9.407e+00          -1.320e+01              40.069          -1.175e+01              73.458           2.157e+01     
  88.000         270.000           -9.201e+00          -1.305e+01              51.087          -1.151e+01              83.297           2.104e+01     
  87.000         270.000           -8.997e+00          -1.291e+01              62.070          -1.126e+01              93.191           2.045e+01     
  86.000         270.000           -8.793e+00          -1.279e+01              73.043          -1.100e+01             103.146           1.979e+01     
  85.000         270.000           -8.587e+00          -1.267e+01              84.026          -1.074e+01             113.162           1.909e+01     
  84.000         270.000           -8.375e+00          -1.257e+01              95.037          -1.046e+01             123.230           1.834e+01     
  83.000         270.000           -8.155e+00          -1.247e+01             106.081          -1.016e+01             133.334           1.758e+01     
  82.000         270.000           -7.923e+00          -1.237e+01             117.156          -9.853e+00             143.454           1.682e+01     
  81.000         270.000           -7.679e+00          -1.228e+01             128.253          -9.528e+00             153.565           1.608e+01     
  80.000         270.000           -7.421e+00          -1.218e+01             139.356          -9.189e+00             163.645           1.537e+01     
  79.000         270.000           -7.151e+00          -1.207e+01             150.445          -8.838e+00             173.672           1.470e+01     
  78.000         270.000           -6.870e+00          -1.196e+01             161.498          -8.479e+00             183.636           1.407e+01     
  77.000         270.000           -6.582e+00          -1.185e+01             172.495          -8.115e+00             193.528           1.349e+01     
  76.000         270.000           -6.289e+00          -1.173e+01             183.418          -7.750e+00             203.350           1.295e+01     
  75.000         270.000           -5.993e+00          -1.161e+01             194.254          -7.386e+00             213.110           1.245e+01     
  74.000         270.000           -5.697e+00          -1.149e+01             204.996          -7.026e+00             222.820           1.199e+01     
  73.000         270.000           -5.403e+00          -1.137e+01             215.639          -6.670e+00             232.492           1.156e+01     
  72.000         270.000           -5.112e+00          -1.126e+01             226.185          -6.319e+00             242.141           1.115e+01     
  71.000         270.000           -4.822e+00          -1.115e+01             236.636          -5.973e+00             251.778           1.076e+01     
  70.000         270.000           -4.533e+00          -1.105e+01             247.000          -5.629e+00             261.409           1.039e+01     
  69.000         270.000           -4.245e+00          -1.096e+01             257.284          -5.286e+00             271.036           1.002e+01     
  68.000         270.000           -3.955e+00          -1.087e+01             267.495          -4.942e+00             280.656           9.662e+00     
  67.000         270.000           -3.661e+00          -1.079e+01             277.638          -4.595e+00             290.259           9.308e+00     
  66.000         270.000           -3.363e+00          -1.072e+01             287.720          -4.244e+00             299.833           8.958e+00     
  65.000         270.000           -3.059e+00          -1.066e+01             297.744          -3.889e+00             309.361           8.614e+00     
  64.000         270.000           -2.750e+00          -1.059e+01             307.709          -3.529e+00             318.828           8.278e+00     
  63.000         270.000           -2.435e+00          -1.053e+01             317.613          -3.166e+00             328.218           7.952e+00     
  62.000         270.000           -2.116e+00          -1.047e+01             327.451          -2.801e+00             337.519           7.638e+00     
  61.000         270.000           -1.793e+00          -1.041e+01             337.214          -2.435e+00             346.720           7.339e+00     
  60.000         270.000           -1.469e+00          -1.036e+01             346.892          -2.070e+00             355.818           7.056e+00     
  59.000         270.000           -1.145e+00          -1.030e+01             356.474          -1.708e+00               4.808           6.790e+00     
  58.000         270.000           -8.226e-01          -1.023e+01               5.948          -1.351e+00              13.694           6.539e+00     
  57.000         270.000           -5.027e-01          -1.017e+01              15.301          -9.986e-01              22.476           6.305e+00     
  56.000         270.000           -1.864e-01          -1.011e+01              24.523          -6.524e-01              31.161           6.084e+00     
  55.000         270.000            1.259e-01          -1.005e+01              33.605          -3.124e-01              39.751           5.875e+00     
  54.000         270.000            4.339e-01          -9.995e+00              42.542           2.147e-02              48.249           5.677e+00     
  53.000         270.000            7.379e-01          -9.942e+00              51.331           3.497e-01              56.659           5.487e+00     
  52.000         270.000            1.038e+00          -9.896e+00              59.970           6.729e-01              64.980           5.304e+00     
  51.000         270.000            1.335e+00          -9.856e+00              68.461           9.916e-01              73.211           5.126e+00     
  50.000         270.000            1.629e+00          -9.825e+00              76.809           1.307e+00              81.348           4.952e+00     
  49.000         270.000            1.921e+00          -9.803e+00              85.018           1.618e+00              89.386           4.782e+00     
  48.000         270.000            2.211e+00          -9.789e+00              93.095           1.927e+00              97.319           4.614e+00     
  47.000         270.000            2.498e+00          -9.785e+00             101.046           2.234e+00             105.140           4.449e+00     
  46.000         270.000            2.784e+00          -9.790e+00             108.876           2.537e+00             112.843           4.287e+00     
  45.000         270.000            3.068e+00          -9.802e+00             116.589           2.838e+00             120.421           4.130e+00     
  44.000         270.000            3.350e+00          -9.822e+00             124.189           3.136e+00             127.868           3.976e+00     
  43.000         270.000            3.629e+00          -9.847e+00             131.677           3.429e+00             135.179           3.828e+00     
  42.000         270.000            3.905e+00          -9.878e+00             139.050           3.719e+00             142.350           3.685e+00     
  41.000         270.000            4.176e+00          -9.912e+00             146.308           4.004e+00             149.378           3.548e+00     
  40.000         270.000            4.444e+00          -9.949e+00             153.444           4.283e+00             156.262           3.418e+00     
  39.000         270.000            4.706e+00          -9.988e+00             160.452           4.556e+00             162.998           3.295e+00     
  38.000         270.000            4.964e+00          -1.003e+01             167.325           4.824e+00             169.588           3.177e+00     
  37.000         270.000            5.215e+00          -1.007e+01             174.055           5.085e+00             176.030           3.067e+00     
  36.000         270.000            5.461e+00          -1.011e+01             180.633           5.339e+00             182.324           2.962e+00     
  35.000         270.000            5.701e+00          -1.015e+01             187.052           5.586e+00             188.469           2.864e+00     
  34.000         270.000            5.934e+00          -1.019e+01             193.304           5.827e+00             194.466           2.770e+00     
  33.000         270.000            6.162e+00          -1.023e+01             199.382           6.061e+00             200.313           2.682e+00     
  32.000         270.000            6.383e+00          -1.028e+01             205.281           6.288e+00             206.010           2.598e+00     
  31.000         270.000            6.598e+00          -1.033e+01             210.998           6.509e+00             211.555           2.519e+00     
  30.000         270.000            6.807e+00          -1.037e+01             216.528           6.723e+00             216.947           2.443e+00     
  29.000         270.000            7.010e+00          -1.042e+01             221.871           6.931e+00             222.184           2.370e+00     
  28.000         270.000            7.208e+00          -1.048e+01             227.025           7.133e+00             227.263           2.300e+00     
  27.000         270.000            7.399e+00          -1.054e+01             231.991           7.328e+00             232.183           2.233e+00     
  26.000         270.000            7.584e+00          -1.060e+01             236.769           7.517e+00             236.942           2.169e+00     
  25.000         270.000            7.763e+00          -1.066e+01             241.360           7.700e+00             241.536           2.107e+00     
  24.000         270.000            7.936e+00          -1.073e+01             245.766           7.877e+00             245.965           2.048e+00     
  23.000         270.000            8.103e+00          -1.081e+01             249.988           8.047e+00             250.225           1.991e+00     
  22.000         270.000            8.264e+00          -1.088e+01             254.028           8.211e+00             254.315           1.936e+00     
  21.000         270.000            8.419e+00          -1.096e+01             257.887           8.369e+00             258.234           1.884e+00     
  20.000         270.000            8.567e+00          -1.104e+01             261.566           8.520e+00             261.978           1.833e+00     
  19.000         270.000            8.709e+00          -1.113e+01             265.067           8.664e+00             265.547           1.786e+00     
  18.000         270.000            8.844e+00          -1.121e+01             268.391           8.801e+00             268.939           1.740e+00     
  17.000         270.000            8.973e+00          -1.130e+01             271.537           8.932e+00             272.153           1.697e+00     
  16.000         270.000            9.094e+00          -1.138e+01             274.507           9.055e+00             275.189           1.657e+00     
  15.000         270.000            9.209e+00          -1.147e+01             277.300           9.172e+00             278.044           1.619e+00     
  14.000         270.000            9.317e+00          -1.155e+01             279.916           9.281e+00             280.718           1.583e+00     
  13.000         270.000            9.417e+00          -1.163e+01             282.355           9.383e+00             283.210           1.550e+00     
  12.000         270.000            9.511e+00          -1.171e+01             284.617           9.478e+00             285.520           1.520e+00     
  11.000         270.000            9.597e+00          -1.178e+01             286.701           9.565e+00             287.648           1.492e+00     
  10.000         270.000            9.675e+00          -1.185e+01             288.607           9.645e+00             289.591           1.466e+00     
   9.000         270.000            9.747e+00          -1.192e+01             290.333           9.717e+00             291.351           1.443e+00     
   8.000         270.000            9.811e+00          -1.198e+01             291.880           9.782e+00             292.927           1.422e+00     
   7.000         270.000            9.867e+00          -1.203e+01             293.246           9.839e+00             294.318           1.404e+00     
   6.000         270.000            9.916e+00          -1.208e+01             294.432           9.889e+00             295.524           1.388e+00     
   5.000         270.000            9.958e+00          -1.212e+01             295.436           9.931e+00             296.545           1.375e+00     
   4.000         270.000            9.992e+00          -1.215e+01             296.258           9.965e+00             297.381           1.364e+00     
   3.000         270.000            1.002e+01          -1.218e+01             296.898           9.992e+00             298.031           1.356e+00     
   2.000         270.000            1.004e+01          -1.220e+01             297.355           1.001e+01             298.495           1.350e+00     
   1.000         270.000            1.005e+01          -1.221e+01             297.630           1.002e+01             298.774           1.346e+00     
