Theta [deg.]  Phi   [deg.]  Abs(Dir.)[dBi   ]   Abs(Left )[dBi   ]  Phase(Left )[deg.]  Abs(Right)[dBi   ]  Phase(Right)[deg.]  Ax.Ratio[dB    ]    
------------------------------------------------------------------------------------------------------------------------------------------------------
   0.000          90.000            1.005e+01           1.003e+01             208.867          -1.221e+01              27.721           1.345e+00     
   1.000          90.000            1.005e+01           1.002e+01             208.774          -1.223e+01              27.626           1.344e+00     
   2.000          90.000            1.004e+01           1.001e+01             208.495          -1.226e+01              27.342           1.340e+00     
   3.000          90.000            1.002e+01           9.991e+00             208.030          -1.232e+01              26.869           1.334e+00     
   4.000          90.000            9.988e+00           9.963e+00             207.379          -1.240e+01              26.206           1.325e+00     
   5.000          90.000            9.953e+00           9.928e+00             206.542          -1.251e+01              25.352           1.315e+00     
   6.000          90.000            9.909e+00           9.885e+00             205.520          -1.264e+01              24.308           1.301e+00     
   7.000          90.000            9.857e+00           9.834e+00             204.312          -1.280e+01              23.073           1.285e+00     
   8.000          90.000            9.798e+00           9.775e+00             202.919          -1.298e+01              21.645           1.267e+00     
   9.000          90.000            9.731e+00           9.708e+00             201.342          -1.319e+01              20.025           1.246e+00     
  10.000          90.000            9.655e+00           9.634e+00             199.579          -1.343e+01              18.211           1.223e+00     
  11.000          90.000            9.573e+00           9.552e+00             197.633          -1.370e+01              16.201           1.197e+00     
  12.000          90.000            9.482e+00           9.462e+00             195.503          -1.400e+01              13.995           1.168e+00     
  13.000          90.000            9.384e+00           9.365e+00             193.189          -1.432e+01              11.589           1.138e+00     
  14.000          90.000            9.278e+00           9.260e+00             190.693          -1.469e+01               8.982           1.104e+00     
  15.000          90.000            9.164e+00           9.148e+00             188.015          -1.509e+01               6.172           1.068e+00     
  16.000          90.000            9.043e+00           9.028e+00             185.156          -1.552e+01               3.155           1.030e+00     
  17.000          90.000            8.915e+00           8.901e+00             182.116          -1.600e+01             359.930           9.890e-01     
  18.000          90.000            8.780e+00           8.767e+00             178.897          -1.652e+01             356.493           9.457e-01     
  19.000          90.000            8.637e+00           8.625e+00             175.499          -1.709e+01             352.839           9.000e-01     
  20.000          90.000            8.487e+00           8.477e+00             171.924          -1.772e+01             348.967           8.519e-01     
  21.000          90.000            8.331e+00           8.322e+00             168.174          -1.840e+01             344.871           8.015e-01     
  22.000          90.000            8.168e+00           8.160e+00             164.250          -1.916e+01             340.549           7.488e-01     
  23.000          90.000            7.998e+00           7.991e+00             160.153          -1.999e+01             335.995           6.938e-01     
  24.000          90.000            7.822e+00           7.816e+00             155.886          -2.091e+01             331.203           6.365e-01     
  25.000          90.000            7.639e+00           7.634e+00             151.452          -2.195e+01             326.166           5.768e-01     
  26.000          90.000            7.450e+00           7.446e+00             146.851          -2.312e+01             320.873           5.147e-01     
  27.000          90.000            7.254e+00           7.251e+00             142.086          -2.448e+01             315.301           4.502e-01     
  28.000          90.000            7.052e+00           7.050e+00             137.160          -2.609e+01             309.410           3.830e-01     
  29.000          90.000            6.844e+00           6.842e+00             132.076          -2.805e+01             303.110           3.129e-01     
  30.000          90.000            6.629e+00           6.628e+00             126.835          -3.058e+01             296.184           2.397e-01     
  31.000          90.000            6.407e+00           6.407e+00             121.439          -3.413e+01             287.947           1.632e-01     
  32.000          90.000            6.179e+00           6.179e+00             115.891          -4.017e+01             274.936           8.366e-02     
  33.000          90.000            5.945e+00           5.945e+00             110.192          -5.249e+01             181.676           2.079e-02     
  34.000          90.000            5.703e+00           5.703e+00             104.343          -3.943e+01             108.769           9.617e-02     
  35.000          90.000            5.455e+00           5.454e+00              98.345          -3.375e+01              96.256           1.903e-01     
  36.000          90.000            5.199e+00           5.198e+00              92.200          -3.033e+01              87.614           2.908e-01     
  37.000          90.000            4.937e+00           4.935e+00              85.906          -2.787e+01              79.943           3.977e-01     
  38.000          90.000            4.668e+00           4.664e+00              79.465          -2.597e+01              72.626           5.110e-01     
  39.000          90.000            4.392e+00           4.386e+00              72.876          -2.441e+01              65.454           6.310e-01     
  40.000          90.000            4.110e+00           4.102e+00              66.140          -2.311e+01              58.336           7.576e-01     
  41.000          90.000            3.823e+00           3.812e+00              59.256          -2.200e+01              51.222           8.910e-01     
  42.000          90.000            3.530e+00           3.515e+00              52.227          -2.103e+01              44.079           1.031e+00     
  43.000          90.000            3.233e+00           3.213e+00              45.055          -2.018e+01              36.881           1.177e+00     
  44.000          90.000            2.932e+00           2.907e+00              37.741          -1.944e+01              29.606           1.328e+00     
  45.000          90.000            2.628e+00           2.596e+00              30.291          -1.879e+01              22.233           1.484e+00     
  46.000          90.000            2.320e+00           2.282e+00              22.709          -1.822e+01              14.742           1.645e+00     
  47.000          90.000            2.011e+00           1.964e+00              15.002          -1.771e+01               7.115           1.810e+00     
  48.000          90.000            1.700e+00           1.644e+00               7.176          -1.727e+01             359.333           1.978e+00     
  49.000          90.000            1.386e+00           1.321e+00             359.239          -1.687e+01             351.381           2.149e+00     
  50.000          90.000            1.071e+00           9.946e-01             351.199          -1.653e+01             343.245           2.324e+00     
  51.000          90.000            7.530e-01           6.650e-01             343.063          -1.622e+01             334.917           2.503e+00     
  52.000          90.000            4.323e-01           3.313e-01             334.836          -1.595e+01             326.392           2.686e+00     
  53.000          90.000            1.081e-01          -7.175e-03             326.522          -1.571e+01             317.670           2.875e+00     
  54.000          90.000           -2.202e-01          -3.512e-01             318.123          -1.549e+01             308.758           3.071e+00     
  55.000          90.000           -5.531e-01          -7.015e-01             309.640          -1.529e+01             299.668           3.278e+00     
  56.000          90.000           -8.908e-01          -1.059e+00             301.071          -1.510e+01             290.418           3.496e+00     
  57.000          90.000           -1.233e+00          -1.423e+00             292.411          -1.492e+01             281.026           3.727e+00     
  58.000          90.000           -1.580e+00          -1.794e+00             283.657          -1.476e+01             271.515           3.974e+00     
  59.000          90.000           -1.930e+00          -2.172e+00             274.804          -1.460e+01             261.907           4.238e+00     
  60.000          90.000           -2.282e+00          -2.555e+00             265.848          -1.444e+01             252.220           4.519e+00     
  61.000          90.000           -2.635e+00          -2.942e+00             256.788          -1.430e+01             242.470           4.818e+00     
  62.000          90.000           -2.986e+00          -3.331e+00             247.624          -1.417e+01             232.668           5.133e+00     
  63.000          90.000           -3.334e+00          -3.720e+00             238.362          -1.405e+01             222.817           5.464e+00     
  64.000          90.000           -3.678e+00          -4.107e+00             229.012          -1.394e+01             212.918           5.808e+00     
  65.000          90.000           -4.015e+00          -4.492e+00             219.586          -1.385e+01             202.968           6.163e+00     
  66.000          90.000           -4.345e+00          -4.872e+00             210.101          -1.377e+01             192.957           6.527e+00     
  67.000          90.000           -4.669e+00          -5.247e+00             200.575          -1.371e+01             182.877           6.898e+00     
  68.000          90.000           -4.986e+00          -5.619e+00             191.025          -1.367e+01             172.717           7.276e+00     
  69.000          90.000           -5.298e+00          -5.987e+00             181.466          -1.364e+01             162.467           7.662e+00     
  70.000          90.000           -5.607e+00          -6.354e+00             171.909          -1.362e+01             152.119           8.058e+00     
  71.000          90.000           -5.915e+00          -6.722e+00             162.359          -1.362e+01             141.668           8.468e+00     
  72.000          90.000           -6.221e+00          -7.093e+00             152.817          -1.362e+01             131.109           8.896e+00     
  73.000          90.000           -6.528e+00          -7.468e+00             143.275          -1.364e+01             120.444           9.348e+00     
  74.000          90.000           -6.836e+00          -7.848e+00             133.723          -1.366e+01             109.675           9.832e+00     
  75.000          90.000           -7.143e+00          -8.234e+00             124.148          -1.368e+01              98.811           1.035e+01     
  76.000          90.000           -7.449e+00          -8.623e+00             114.534          -1.370e+01              87.861           1.092e+01     
  77.000          90.000           -7.751e+00          -9.015e+00             104.868          -1.373e+01              76.840           1.154e+01     
  78.000          90.000           -8.046e+00          -9.405e+00              95.142          -1.375e+01              65.763           1.221e+01     
  79.000          90.000           -8.332e+00          -9.791e+00              85.352          -1.378e+01              54.649           1.293e+01     
  80.000          90.000           -8.605e+00          -1.017e+01              75.502          -1.380e+01              43.516           1.372e+01     
  81.000          90.000           -8.865e+00          -1.053e+01              65.604          -1.383e+01              32.379           1.455e+01     
  82.000          90.000           -9.109e+00          -1.088e+01              55.675          -1.385e+01              21.254           1.543e+01     
  83.000          90.000           -9.339e+00          -1.122e+01              45.738          -1.388e+01              10.148           1.635e+01     
  84.000          90.000           -9.556e+00          -1.153e+01              35.817          -1.392e+01             359.066           1.729e+01     
  85.000          90.000           -9.762e+00          -1.183e+01              25.932          -1.397e+01             348.002           1.823e+01     
  86.000          90.000           -9.960e+00          -1.211e+01              16.100          -1.404e+01             336.945           1.915e+01     
  87.000          90.000           -1.015e+01          -1.238e+01               6.332          -1.412e+01             325.877           2.005e+01     
  88.000          90.000           -1.034e+01          -1.264e+01             356.627          -1.421e+01             314.775           2.090e+01     
  89.000          90.000           -1.054e+01          -1.289e+01             346.983          -1.432e+01             303.614           2.170e+01     
  90.000          90.000           -1.073e+01          -1.313e+01             337.388          -1.444e+01             292.371           2.245e+01     
  91.000          90.000           -1.092e+01          -1.336e+01             327.827          -1.457e+01             281.027           2.317e+01     
  92.000          90.000           -1.110e+01          -1.359e+01             318.284          -1.470e+01             269.579           2.390e+01     
  93.000          90.000           -1.128e+01          -1.382e+01             308.743          -1.483e+01             258.036           2.469e+01     
  94.000          90.000           -1.146e+01          -1.403e+01             299.188          -1.495e+01             246.427           2.560e+01     
  95.000          90.000           -1.162e+01          -1.424e+01             289.606          -1.505e+01             234.795           2.670e+01     
  96.000          90.000           -1.177e+01          -1.445e+01             279.984          -1.513e+01             223.201           2.807e+01     
  97.000          90.000           -1.190e+01          -1.464e+01             270.314          -1.520e+01             211.703           2.978e+01     
  98.000          90.000           -1.203e+01          -1.483e+01             260.584          -1.527e+01             200.359           3.192e+01     
  99.000          90.000           -1.215e+01          -1.500e+01             250.787          -1.533e+01             189.207           3.448e+01     
 100.000          90.000           -1.226e+01          -1.516e+01             240.916          -1.540e+01             178.263           3.727e+01     
 101.000          90.000           -1.238e+01          -1.530e+01             230.966          -1.548e+01             167.520           3.960e+01     
 102.000          90.000           -1.250e+01          -1.543e+01             220.939          -1.560e+01             156.944           4.000e+01     
 103.000          90.000           -1.263e+01          -1.553e+01             210.843          -1.575e+01             146.482           3.792e+01     
 104.000          90.000           -1.277e+01          -1.562e+01             200.695          -1.595e+01             136.062           3.438e+01     
 105.000          90.000           -1.291e+01          -1.567e+01             190.525          -1.618e+01             125.606           3.067e+01     
 106.000          90.000           -1.305e+01          -1.570e+01             180.370          -1.645e+01             115.033           2.733e+01     
 107.000          90.000           -1.318e+01          -1.570e+01             170.274          -1.674e+01             104.275           2.450e+01     
 108.000          90.000           -1.330e+01          -1.569e+01             160.280          -1.704e+01              93.287           2.217e+01     
 109.000          90.000           -1.340e+01          -1.565e+01             150.427          -1.734e+01              82.067           2.030e+01     
 110.000          90.000           -1.348e+01          -1.561e+01             140.740          -1.760e+01              70.668           1.886e+01     
 111.000          90.000           -1.354e+01          -1.557e+01             131.227          -1.782e+01              59.203           1.780e+01     
 112.000          90.000           -1.358e+01          -1.553e+01             121.881          -1.798e+01              47.835           1.709e+01     
 113.000          90.000           -1.361e+01          -1.552e+01             112.672          -1.809e+01              36.747           1.667e+01     
 114.000          90.000           -1.364e+01          -1.553e+01             103.556          -1.816e+01              26.110           1.648e+01     
 115.000          90.000           -1.368e+01          -1.557e+01              94.474          -1.820e+01              16.050           1.645e+01     
 116.000          90.000           -1.374e+01          -1.564e+01              85.359          -1.825e+01               6.637           1.652e+01     
 117.000          90.000           -1.383e+01          -1.574e+01              76.140          -1.833e+01             357.885           1.657e+01     
 118.000          90.000           -1.396e+01          -1.586e+01              66.747          -1.847e+01             349.763           1.653e+01     
 119.000          90.000           -1.411e+01          -1.599e+01              57.126          -1.867e+01             342.214           1.629e+01     
 120.000          90.000           -1.429e+01          -1.611e+01              47.247          -1.896e+01             335.164           1.579e+01     
 121.000          90.000           -1.449e+01          -1.621e+01              37.120          -1.934e+01             328.530           1.498e+01     
 122.000          90.000           -1.469e+01          -1.627e+01              26.801          -1.983e+01             322.222           1.390e+01     
 123.000          90.000           -1.487e+01          -1.628e+01              16.402          -2.043e+01             316.149           1.260e+01     
 124.000          90.000           -1.501e+01          -1.622e+01               6.071          -2.114e+01             310.213           1.118e+01     
 125.000          90.000           -1.510e+01          -1.610e+01             355.975          -2.197e+01             304.306           9.746e+00     
 126.000          90.000           -1.513e+01          -1.592e+01             346.266          -2.290e+01             298.314           8.375e+00     
 127.000          90.000           -1.511e+01          -1.572e+01             337.060          -2.392e+01             292.110           7.127e+00     
 128.000          90.000           -1.503e+01          -1.549e+01             328.423          -2.501e+01             285.571           6.039e+00     
 129.000          90.000           -1.494e+01          -1.528e+01             320.373          -2.612e+01             278.601           5.130e+00     
 130.000          90.000           -1.483e+01          -1.509e+01             312.892          -2.718e+01             271.190           4.410e+00     
 131.000          90.000           -1.474e+01          -1.495e+01             305.936          -2.812e+01             263.494           3.876e+00     
 132.000          90.000           -1.469e+01          -1.486e+01             299.446          -2.883e+01             255.903           3.523e+00     
 133.000          90.000           -1.468e+01          -1.483e+01             293.358          -2.926e+01             248.991           3.339e+00     
 134.000          90.000           -1.473e+01          -1.488e+01             287.603          -2.938e+01             243.331           3.312e+00     
 135.000          90.000           -1.485e+01          -1.501e+01             282.115          -2.921e+01             239.258           3.433e+00     
 136.000          90.000           -1.504e+01          -1.523e+01             276.827          -2.878e+01             236.754           3.705e+00     
 137.000          90.000           -1.531e+01          -1.554e+01             271.670          -2.815e+01             235.513           4.142e+00     
 138.000          90.000           -1.564e+01          -1.594e+01             266.573          -2.738e+01             235.096           4.770e+00     
 139.000          90.000           -1.603e+01          -1.643e+01             261.457          -2.651e+01             235.080           5.634e+00     
 140.000          90.000           -1.647e+01          -1.703e+01             256.236          -2.561e+01             235.144           6.800e+00     
 141.000          90.000           -1.695e+01          -1.774e+01             250.801          -2.472e+01             235.083           8.376e+00     
 142.000          90.000           -1.743e+01          -1.856e+01             245.022          -2.386e+01             234.793           1.056e+01     
 143.000          90.000           -1.791e+01          -1.948e+01             238.729          -2.308e+01             234.231           1.379e+01     
 144.000          90.000           -1.834e+01          -2.051e+01             231.704          -2.238e+01             233.391           1.938e+01     
 145.000          90.000           -1.869e+01          -2.163e+01             223.668          -2.178e+01             232.284           4.000e+01     
 146.000          90.000           -1.896e+01          -2.280e+01             214.291          -2.128e+01             230.923           2.114e+01     
 147.000          90.000           -1.914e+01          -2.396e+01             203.246          -2.088e+01             229.318           1.509e+01     
 148.000          90.000           -1.924e+01          -2.500e+01             190.387          -2.058e+01             227.473           1.208e+01     
 149.000          90.000           -1.929e+01          -2.577e+01             176.028          -2.040e+01             225.383           1.047e+01     
 150.000          90.000           -1.931e+01          -2.616e+01             161.121          -2.032e+01             223.031           9.796e+00     
 151.000          90.000           -1.934e+01          -2.617e+01             146.938          -2.035e+01             220.384           9.826e+00     
 152.000          90.000           -1.940e+01          -2.591e+01             134.431          -2.050e+01             217.394           1.040e+01     
 153.000          90.000           -1.951e+01          -2.553e+01             123.917          -2.076e+01             213.987           1.143e+01     
 154.000          90.000           -1.968e+01          -2.514e+01             115.251          -2.113e+01             210.057           1.288e+01     
 155.000          90.000           -1.992e+01          -2.482e+01             108.116          -2.162e+01             205.456           1.479e+01     
 156.000          90.000           -2.023e+01          -2.458e+01             102.189          -2.221e+01             199.978           1.734e+01     
 157.000          90.000           -2.060e+01          -2.447e+01              97.203          -2.290e+01             193.347           2.091e+01     
 158.000          90.000           -2.102e+01          -2.447e+01              92.954          -2.364e+01             185.221           2.642e+01     
 159.000          90.000           -2.147e+01          -2.460e+01              89.289          -2.436e+01             175.249           3.740e+01     
 160.000          90.000           -2.189e+01          -2.485e+01              86.098          -2.494e+01             163.262           4.000e+01     
 161.000          90.000           -2.222e+01          -2.523e+01              83.297          -2.523e+01             149.594           4.000e+01     
 162.000          90.000           -2.240e+01          -2.575e+01              80.829          -2.509e+01             135.304           2.838e+01     
 163.000          90.000           -2.236e+01          -2.641e+01              78.649          -2.454e+01             121.801           1.935e+01     
 164.000          90.000           -2.210e+01          -2.723e+01              76.729          -2.369e+01             110.099           1.392e+01     
 165.000          90.000           -2.162e+01          -2.822e+01              75.054          -2.270e+01             100.493           1.023e+01     
 166.000          90.000           -2.101e+01          -2.942e+01              73.620          -2.168e+01              92.793           7.575e+00     
 167.000          90.000           -2.031e+01          -3.086e+01              72.444          -2.071e+01              86.642           5.586e+00     
 168.000          90.000           -1.960e+01          -3.262e+01              71.571          -1.982e+01              81.701           4.052e+00     
 169.000          90.000           -1.890e+01          -3.481e+01              71.119          -1.901e+01              77.694           2.843e+00     
 170.000          90.000           -1.825e+01          -3.767e+01              71.374          -1.830e+01              74.415           1.874e+00     
 171.000          90.000           -1.765e+01          -4.173e+01              73.284          -1.767e+01              71.715           1.090e+00     
 172.000          90.000           -1.712e+01          -4.868e+01              82.124          -1.712e+01              69.484           4.590e-01     
 173.000          90.000           -1.665e+01          -5.755e+01             187.541          -1.665e+01              67.643           1.566e-01     
 174.000          90.000           -1.624e+01          -4.659e+01             229.633          -1.625e+01              66.133           5.282e-01     
 175.000          90.000           -1.591e+01          -4.199e+01             234.743          -1.592e+01              64.911           8.641e-01     
 176.000          90.000           -1.563e+01          -3.940e+01             236.359          -1.565e+01              63.947           1.130e+00     
 177.000          90.000           -1.542e+01          -3.777e+01             237.024          -1.545e+01              63.218           1.331e+00     
 178.000          90.000           -1.527e+01          -3.676e+01             237.319          -1.530e+01              62.707           1.472e+00     
 179.000          90.000           -1.518e+01          -3.620e+01             237.446          -1.522e+01              62.405           1.555e+00     
 180.000          90.000           -1.515e+01          -3.602e+01             237.481          -1.519e+01              62.305           1.582e+00     
 179.000         270.000           -1.518e+01          -3.620e+01             237.446          -1.522e+01              62.405           1.555e+00     
 178.000         270.000           -1.527e+01          -3.676e+01             237.319          -1.530e+01              62.707           1.472e+00     
 177.000         270.000           -1.542e+01          -3.777e+01             237.024          -1.545e+01              63.218           1.331e+00     
 176.000         270.000           -1.563e+01          -3.940e+01             236.359          -1.565e+01              63.947           1.130e+00     
 175.000         270.000           -1.591e+01          -4.199e+01             234.743          -1.592e+01              64.911           8.641e-01     
 174.000         270.000           -1.624e+01          -4.659e+01             229.633          -1.625e+01              66.133           5.282e-01     
 173.000         270.000           -1.665e+01          -5.755e+01             187.544          -1.665e+01              67.643           1.566e-01     
 172.000         270.000           -1.712e+01          -4.868e+01              82.123          -1.712e+01              69.484           4.590e-01     
 171.000         270.000           -1.765e+01          -4.173e+01              73.284          -1.767e+01              71.715           1.090e+00     
 170.000         270.000           -1.825e+01          -3.767e+01              71.374          -1.830e+01              74.415           1.874e+00     
 169.000         270.000           -1.890e+01          -3.481e+01              71.118          -1.901e+01              77.694           2.843e+00     
 168.000         270.000           -1.960e+01          -3.262e+01              71.571          -1.982e+01              81.701           4.052e+00     
 167.000         270.000           -2.031e+01          -3.086e+01              72.443          -2.071e+01              86.642           5.586e+00     
 166.000         270.000           -2.101e+01          -2.942e+01              73.619          -2.168e+01              92.793           7.575e+00     
 165.000         270.000           -2.162e+01          -2.822e+01              75.054          -2.270e+01             100.493           1.023e+01     
 164.000         270.000           -2.210e+01          -2.723e+01              76.729          -2.369e+01             110.099           1.392e+01     
 163.000         270.000           -2.236e+01          -2.641e+01              78.649          -2.454e+01             121.801           1.935e+01     
 162.000         270.000           -2.240e+01          -2.575e+01              80.828          -2.509e+01             135.304           2.838e+01     
 161.000         270.000           -2.222e+01          -2.523e+01              83.297          -2.523e+01             149.594           4.000e+01     
 160.000         270.000           -2.189e+01          -2.485e+01              86.098          -2.494e+01             163.262           4.000e+01     
 159.000         270.000           -2.147e+01          -2.460e+01              89.289          -2.436e+01             175.249           3.740e+01     
 158.000         270.000           -2.102e+01          -2.447e+01              92.954          -2.364e+01             185.221           2.642e+01     
 157.000         270.000           -2.060e+01          -2.447e+01              97.203          -2.290e+01             193.347           2.091e+01     
 156.000         270.000           -2.023e+01          -2.458e+01             102.189          -2.221e+01             199.978           1.734e+01     
 155.000         270.000           -1.992e+01          -2.482e+01             108.116          -2.162e+01             205.456           1.479e+01     
 154.000         270.000           -1.968e+01          -2.514e+01             115.251          -2.113e+01             210.056           1.288e+01     
 153.000         270.000           -1.951e+01          -2.553e+01             123.917          -2.076e+01             213.986           1.143e+01     
 152.000         270.000           -1.940e+01          -2.591e+01             134.431          -2.050e+01             217.394           1.040e+01     
 151.000         270.000           -1.934e+01          -2.617e+01             146.938          -2.035e+01             220.384           9.826e+00     
 150.000         270.000           -1.931e+01          -2.616e+01             161.121          -2.032e+01             223.030           9.796e+00     
 149.000         270.000           -1.929e+01          -2.577e+01             176.028          -2.040e+01             225.383           1.047e+01     
 148.000         270.000           -1.924e+01          -2.500e+01             190.387          -2.058e+01             227.473           1.208e+01     
 147.000         270.000           -1.914e+01          -2.397e+01             203.246          -2.088e+01             229.318           1.509e+01     
 146.000         270.000           -1.896e+01          -2.280e+01             214.291          -2.128e+01             230.923           2.114e+01     
 145.000         270.000           -1.869e+01          -2.163e+01             223.668          -2.178e+01             232.284           4.000e+01     
 144.000         270.000           -1.834e+01          -2.051e+01             231.704          -2.238e+01             233.391           1.938e+01     
 143.000         270.000           -1.791e+01          -1.948e+01             238.729          -2.308e+01             234.231           1.379e+01     
 142.000         270.000           -1.743e+01          -1.856e+01             245.022          -2.386e+01             234.793           1.056e+01     
 141.000         270.000           -1.695e+01          -1.774e+01             250.801          -2.472e+01             235.083           8.376e+00     
 140.000         270.000           -1.647e+01          -1.703e+01             256.236          -2.561e+01             235.144           6.800e+00     
 139.000         270.000           -1.603e+01          -1.643e+01             261.457          -2.651e+01             235.080           5.634e+00     
 138.000         270.000           -1.564e+01          -1.594e+01             266.573          -2.738e+01             235.096           4.770e+00     
 137.000         270.000           -1.531e+01          -1.554e+01             271.670          -2.815e+01             235.513           4.142e+00     
 136.000         270.000           -1.504e+01          -1.523e+01             276.827          -2.878e+01             236.754           3.705e+00     
 135.000         270.000           -1.485e+01          -1.501e+01             282.115          -2.921e+01             239.258           3.433e+00     
 134.000         270.000           -1.473e+01          -1.488e+01             287.603          -2.938e+01             243.332           3.312e+00     
 133.000         270.000           -1.468e+01          -1.483e+01             293.358          -2.926e+01             248.991           3.339e+00     
 132.000         270.000           -1.469e+01          -1.486e+01             299.446          -2.883e+01             255.903           3.523e+00     
 131.000         270.000           -1.474e+01          -1.495e+01             305.936          -2.812e+01             263.495           3.876e+00     
 130.000         270.000           -1.483e+01          -1.509e+01             312.892          -2.718e+01             271.190           4.410e+00     
 129.000         270.000           -1.494e+01          -1.528e+01             320.373          -2.612e+01             278.601           5.130e+00     
 128.000         270.000           -1.503e+01          -1.549e+01             328.423          -2.501e+01             285.571           6.039e+00     
 127.000         270.000           -1.511e+01          -1.572e+01             337.060          -2.392e+01             292.110           7.127e+00     
 126.000         270.000           -1.513e+01          -1.592e+01             346.266          -2.290e+01             298.314           8.375e+00     
 125.000         270.000           -1.510e+01          -1.610e+01             355.975          -2.197e+01             304.306           9.746e+00     
 124.000         270.000           -1.501e+01          -1.622e+01               6.071          -2.114e+01             310.213           1.118e+01     
 123.000         270.000           -1.487e+01          -1.628e+01              16.402          -2.043e+01             316.149           1.260e+01     
 122.000         270.000           -1.469e+01          -1.627e+01              26.801          -1.983e+01             322.223           1.390e+01     
 121.000         270.000           -1.449e+01          -1.621e+01              37.120          -1.934e+01             328.530           1.498e+01     
 120.000         270.000           -1.429e+01          -1.611e+01              47.247          -1.896e+01             335.164           1.579e+01     
 119.000         270.000           -1.411e+01          -1.599e+01              57.126          -1.867e+01             342.214           1.629e+01     
 118.000         270.000           -1.396e+01          -1.586e+01              66.747          -1.847e+01             349.763           1.653e+01     
 117.000         270.000           -1.383e+01          -1.574e+01              76.140          -1.833e+01             357.885           1.657e+01     
 116.000         270.000           -1.374e+01          -1.564e+01              85.359          -1.825e+01               6.637           1.652e+01     
 115.000         270.000           -1.368e+01          -1.557e+01              94.474          -1.820e+01              16.051           1.645e+01     
 114.000         270.000           -1.364e+01          -1.553e+01             103.556          -1.816e+01              26.110           1.648e+01     
 113.000         270.000           -1.361e+01          -1.552e+01             112.672          -1.809e+01              36.747           1.667e+01     
 112.000         270.000           -1.358e+01          -1.553e+01             121.881          -1.798e+01              47.835           1.709e+01     
 111.000         270.000           -1.354e+01          -1.557e+01             131.227          -1.782e+01              59.203           1.780e+01     
 110.000         270.000           -1.348e+01          -1.561e+01             140.740          -1.760e+01              70.668           1.886e+01     
 109.000         270.000           -1.340e+01          -1.565e+01             150.427          -1.734e+01              82.068           2.030e+01     
 108.000         270.000           -1.330e+01          -1.569e+01             160.280          -1.704e+01              93.287           2.217e+01     
 107.000         270.000           -1.318e+01          -1.570e+01             170.274          -1.674e+01             104.275           2.450e+01     
 106.000         270.000           -1.305e+01          -1.570e+01             180.370          -1.645e+01             115.033           2.733e+01     
 105.000         270.000           -1.291e+01          -1.567e+01             190.525          -1.618e+01             125.606           3.067e+01     
 104.000         270.000           -1.277e+01          -1.562e+01             200.695          -1.595e+01             136.062           3.438e+01     
 103.000         270.000           -1.263e+01          -1.553e+01             210.843          -1.575e+01             146.482           3.792e+01     
 102.000         270.000           -1.250e+01          -1.543e+01             220.939          -1.560e+01             156.944           4.000e+01     
 101.000         270.000           -1.238e+01          -1.530e+01             230.966          -1.548e+01             167.520           3.960e+01     
 100.000         270.000           -1.226e+01          -1.516e+01             240.916          -1.540e+01             178.263           3.727e+01     
  99.000         270.000           -1.215e+01          -1.500e+01             250.787          -1.533e+01             189.207           3.448e+01     
  98.000         270.000           -1.203e+01          -1.483e+01             260.584          -1.527e+01             200.359           3.192e+01     
  97.000         270.000           -1.190e+01          -1.464e+01             270.314          -1.520e+01             211.704           2.978e+01     
  96.000         270.000           -1.177e+01          -1.445e+01             279.984          -1.513e+01             223.201           2.807e+01     
  95.000         270.000           -1.162e+01          -1.424e+01             289.606          -1.505e+01             234.795           2.670e+01     
  94.000         270.000           -1.146e+01          -1.403e+01             299.188          -1.495e+01             246.427           2.560e+01     
  93.000         270.000           -1.128e+01          -1.382e+01             308.743          -1.483e+01             258.036           2.469e+01     
  92.000         270.000           -1.110e+01          -1.359e+01             318.284          -1.470e+01             269.579           2.390e+01     
  91.000         270.000           -1.092e+01          -1.336e+01             327.827          -1.457e+01             281.027           2.317e+01     
  90.000         270.000           -1.073e+01          -1.313e+01             337.388          -1.444e+01             292.371           2.245e+01     
  89.000         270.000           -1.054e+01          -1.289e+01             346.983          -1.432e+01             303.614           2.170e+01     
  88.000         270.000           -1.034e+01          -1.264e+01             356.627          -1.421e+01             314.776           2.090e+01     
  87.000         270.000           -1.015e+01          -1.238e+01               6.332          -1.412e+01             325.877           2.005e+01     
  86.000         270.000           -9.960e+00          -1.211e+01              16.100          -1.404e+01             336.945           1.915e+01     
  85.000         270.000           -9.762e+00          -1.183e+01              25.932          -1.397e+01             348.002           1.823e+01     
  84.000         270.000           -9.556e+00          -1.153e+01              35.817          -1.392e+01             359.066           1.729e+01     
  83.000         270.000           -9.339e+00          -1.122e+01              45.738          -1.388e+01              10.148           1.635e+01     
  82.000         270.000           -9.109e+00          -1.088e+01              55.675          -1.385e+01              21.254           1.543e+01     
  81.000         270.000           -8.865e+00          -1.053e+01              65.603          -1.383e+01              32.379           1.455e+01     
  80.000         270.000           -8.605e+00          -1.017e+01              75.502          -1.380e+01              43.516           1.372e+01     
  79.000         270.000           -8.332e+00          -9.791e+00              85.351          -1.378e+01              54.649           1.293e+01     
  78.000         270.000           -8.046e+00          -9.405e+00              95.142          -1.375e+01              65.763           1.221e+01     
  77.000         270.000           -7.751e+00          -9.015e+00             104.868          -1.373e+01              76.840           1.154e+01     
  76.000         270.000           -7.449e+00          -8.623e+00             114.533          -1.370e+01              87.861           1.092e+01     
  75.000         270.000           -7.143e+00          -8.234e+00             124.148          -1.368e+01              98.811           1.035e+01     
  74.000         270.000           -6.836e+00          -7.848e+00             133.723          -1.366e+01             109.675           9.832e+00     
  73.000         270.000           -6.528e+00          -7.468e+00             143.275          -1.364e+01             120.444           9.348e+00     
  72.000         270.000           -6.221e+00          -7.093e+00             152.817          -1.362e+01             131.109           8.896e+00     
  71.000         270.000           -5.915e+00          -6.722e+00             162.359          -1.362e+01             141.668           8.468e+00     
  70.000         270.000           -5.607e+00          -6.354e+00             171.909          -1.362e+01             152.120           8.058e+00     
  69.000         270.000           -5.298e+00          -5.987e+00             181.466          -1.364e+01             162.467           7.662e+00     
  68.000         270.000           -4.986e+00          -5.619e+00             191.025          -1.367e+01             172.717           7.276e+00     
  67.000         270.000           -4.669e+00          -5.247e+00             200.575          -1.371e+01             182.877           6.898e+00     
  66.000         270.000           -4.345e+00          -4.872e+00             210.101          -1.377e+01             192.957           6.527e+00     
  65.000         270.000           -4.015e+00          -4.492e+00             219.586          -1.385e+01             202.968           6.163e+00     
  64.000         270.000           -3.678e+00          -4.107e+00             229.012          -1.394e+01             212.918           5.808e+00     
  63.000         270.000           -3.334e+00          -3.720e+00             238.362          -1.405e+01             222.817           5.464e+00     
  62.000         270.000           -2.986e+00          -3.331e+00             247.624          -1.417e+01             232.668           5.133e+00     
  61.000         270.000           -2.635e+00          -2.942e+00             256.788          -1.430e+01             242.470           4.818e+00     
  60.000         270.000           -2.282e+00          -2.555e+00             265.848          -1.444e+01             252.220           4.519e+00     
  59.000         270.000           -1.930e+00          -2.172e+00             274.804          -1.460e+01             261.907           4.238e+00     
  58.000         270.000           -1.580e+00          -1.794e+00             283.657          -1.476e+01             271.516           3.974e+00     
  57.000         270.000           -1.233e+00          -1.423e+00             292.411          -1.492e+01             281.026           3.727e+00     
  56.000         270.000           -8.908e-01          -1.059e+00             301.070          -1.510e+01             290.418           3.496e+00     
  55.000         270.000           -5.531e-01          -7.015e-01             309.640          -1.529e+01             299.668           3.278e+00     
  54.000         270.000           -2.202e-01          -3.512e-01             318.123          -1.549e+01             308.758           3.071e+00     
  53.000         270.000            1.081e-01          -7.173e-03             326.522          -1.571e+01             317.670           2.875e+00     
  52.000         270.000            4.323e-01           3.313e-01             334.836          -1.595e+01             326.392           2.686e+00     
  51.000         270.000            7.530e-01           6.650e-01             343.063          -1.622e+01             334.917           2.503e+00     
  50.000         270.000            1.071e+00           9.946e-01             351.199          -1.653e+01             343.245           2.324e+00     
  49.000         270.000            1.386e+00           1.321e+00             359.239          -1.687e+01             351.381           2.149e+00     
  48.000         270.000            1.700e+00           1.644e+00               7.176          -1.727e+01             359.334           1.978e+00     
  47.000         270.000            2.011e+00           1.964e+00              15.002          -1.771e+01               7.116           1.810e+00     
  46.000         270.000            2.320e+00           2.282e+00              22.709          -1.822e+01              14.743           1.645e+00     
  45.000         270.000            2.628e+00           2.596e+00              30.291          -1.879e+01              22.233           1.484e+00     
  44.000         270.000            2.932e+00           2.907e+00              37.741          -1.944e+01              29.606           1.328e+00     
  43.000         270.000            3.233e+00           3.213e+00              45.055          -2.018e+01              36.881           1.177e+00     
  42.000         270.000            3.530e+00           3.515e+00              52.227          -2.103e+01              44.079           1.031e+00     
  41.000         270.000            3.823e+00           3.812e+00              59.256          -2.200e+01              51.223           8.910e-01     
  40.000         270.000            4.110e+00           4.102e+00              66.140          -2.311e+01              58.337           7.576e-01     
  39.000         270.000            4.392e+00           4.386e+00              72.876          -2.441e+01              65.455           6.309e-01     
  38.000         270.000            4.668e+00           4.664e+00              79.465          -2.597e+01              72.626           5.110e-01     
  37.000         270.000            4.937e+00           4.935e+00              85.906          -2.787e+01              79.944           3.977e-01     
  36.000         270.000            5.199e+00           5.198e+00              92.200          -3.033e+01              87.615           2.908e-01     
  35.000         270.000            5.455e+00           5.454e+00              98.345          -3.375e+01              96.258           1.903e-01     
  34.000         270.000            5.703e+00           5.703e+00             104.343          -3.943e+01             108.775           9.616e-02     
  33.000         270.000            5.945e+00           5.945e+00             110.192          -5.249e+01             181.703           2.080e-02     
  32.000         270.000            6.179e+00           6.179e+00             115.891          -4.017e+01             274.934           8.367e-02     
  31.000         270.000            6.407e+00           6.407e+00             121.439          -3.413e+01             287.946           1.632e-01     
  30.000         270.000            6.629e+00           6.628e+00             126.835          -3.058e+01             296.183           2.397e-01     
  29.000         270.000            6.844e+00           6.842e+00             132.076          -2.805e+01             303.110           3.129e-01     
  28.000         270.000            7.052e+00           7.050e+00             137.160          -2.609e+01             309.409           3.830e-01     
  27.000         270.000            7.254e+00           7.251e+00             142.086          -2.448e+01             315.300           4.502e-01     
  26.000         270.000            7.450e+00           7.446e+00             146.851          -2.312e+01             320.872           5.147e-01     
  25.000         270.000            7.639e+00           7.634e+00             151.452          -2.195e+01             326.166           5.768e-01     
  24.000         270.000            7.822e+00           7.816e+00             155.886          -2.091e+01             331.203           6.365e-01     
  23.000         270.000            7.998e+00           7.991e+00             160.153          -1.999e+01             335.994           6.938e-01     
  22.000         270.000            8.168e+00           8.160e+00             164.250          -1.916e+01             340.548           7.488e-01     
  21.000         270.000            8.331e+00           8.322e+00             168.174          -1.840e+01             344.871           8.015e-01     
  20.000         270.000            8.487e+00           8.477e+00             171.924          -1.772e+01             348.966           8.519e-01     
  19.000         270.000            8.637e+00           8.625e+00             175.499          -1.709e+01             352.839           9.000e-01     
  18.000         270.000            8.780e+00           8.767e+00             178.897          -1.652e+01             356.493           9.457e-01     
  17.000         270.000            8.915e+00           8.901e+00             182.116          -1.600e+01             359.930           9.890e-01     
  16.000         270.000            9.043e+00           9.028e+00             185.156          -1.552e+01               3.156           1.030e+00     
  15.000         270.000            9.164e+00           9.148e+00             188.015          -1.509e+01               6.172           1.068e+00     
  14.000         270.000            9.278e+00           9.260e+00             190.693          -1.469e+01               8.982           1.104e+00     
  13.000         270.000            9.384e+00           9.365e+00             193.189          -1.432e+01              11.589           1.138e+00     
  12.000         270.000            9.482e+00           9.462e+00             195.503          -1.400e+01              13.995           1.168e+00     
  11.000         270.000            9.573e+00           9.552e+00             197.633          -1.370e+01              16.201           1.197e+00     
  10.000         270.000            9.655e+00           9.634e+00             199.579          -1.343e+01              18.211           1.223e+00     
   9.000         270.000            9.731e+00           9.708e+00             201.342          -1.319e+01              20.026           1.246e+00     
   8.000         270.000            9.798e+00           9.775e+00             202.919          -1.298e+01              21.646           1.267e+00     
   7.000         270.000            9.857e+00           9.834e+00             204.312          -1.280e+01              23.073           1.285e+00     
   6.000         270.000            9.909e+00           9.885e+00             205.520          -1.264e+01              24.308           1.301e+00     
   5.000         270.000            9.953e+00           9.928e+00             206.542          -1.251e+01              25.352           1.315e+00     
   4.000         270.000            9.988e+00           9.963e+00             207.379          -1.240e+01              26.206           1.325e+00     
   3.000         270.000            1.002e+01           9.991e+00             208.030          -1.232e+01              26.869           1.334e+00     
   2.000         270.000            1.004e+01           1.001e+01             208.495          -1.226e+01              27.342           1.340e+00     
   1.000         270.000            1.005e+01           1.002e+01             208.774          -1.223e+01              27.626           1.344e+00     
