#Parameters = {flareDiameter=130; flareLength=70; transitionCoefficient=1.33; outletLength=30; waveguideSide=50; waveguideThickness=3}
#"Frequency / GHz"	"S1(1),1(1) [Magnitude / dB]"
#-----------------------------------------------
4.0000000000000	-21.061719471257
4.0029997825623	-21.061207762026
4.0060000419617	-21.061182380639
4.0089998245239	-21.061637873985
4.0120000839233	-21.062569317331
4.0149998664856	-21.063970752810
4.0180001258850	-21.065837317483
4.0209999084473	-21.068162345681
4.0240001678467	-21.070943112561
4.0269999504089	-21.074170748343
4.0300002098083	-21.077842083523
4.0329999923706	-21.081953463052
4.0359997749329	-21.086495530825
4.0390000343323	-21.091466307167
4.0419998168945	-21.096860136301
4.0450000762939	-21.102668707849
4.0479998588562	-21.108890750283
4.0510001182556	-21.115517600271
4.0539999008179	-21.122547768211
4.0570001602173	-21.129973079533
4.0599999427795	-21.137787881956
4.0630002021790	-21.145988972341
4.0659999847412	-21.154570983151
4.0689997673035	-21.163526558183
4.0720000267029	-21.172853457824
4.0749998092651	-21.182544508491
4.0780000686646	-21.192595871914
4.0809998512268	-21.203003359102
4.0840001106262	-21.213758662954
4.0869998931885	-21.224859429835
4.0900001525879	-21.236300971633
4.0929999351501	-21.248077793105
4.0960001945496	-21.260184032741
4.0989999771118	-21.272614676438
4.1020002365112	-21.285367034735
4.1050000190735	-21.298435555966
4.1079998016357	-21.311815144266
4.1110000610352	-21.325501137070
4.1139998435974	-21.339489124988
4.1170001029968	-21.353775800683
4.1199998855591	-21.368354419057
4.1230001449585	-21.383223028441
4.1259999275208	-21.398374996748
4.1290001869202	-21.413809779729
4.1319999694824	-21.429518810178
4.1350002288818	-21.445500104432
4.1380000114441	-21.461750802332
4.1409997940063	-21.478265508516
4.1440000534058	-21.495039731812
4.1469998359680	-21.512072972033
4.1500000953674	-21.529357581070
4.1529998779297	-21.546892803172
4.1560001373291	-21.564673267714
4.1589999198914	-21.582697425154
4.1620001792908	-21.600962278856
4.1649999618530	-21.619462654921
4.1680002212524	-21.638196423273
4.1710000038147	-21.657160163155
4.1739997863770	-21.676354517456
4.1770000457764	-21.695773375113
4.1799998283386	-21.715414391979
4.1830000877380	-21.735275694965
4.1859998703003	-21.755354803584
4.1890001296997	-21.775651362231
4.1919999122620	-21.796160159237
4.1950001716614	-21.816883527386
4.1979999542236	-21.837815111857
4.2010002136230	-21.858956126823
4.2039999961853	-21.880305503414
4.2069997787476	-21.901859835347
4.2100000381470	-21.923619870140
4.2129998207092	-21.945584025590
4.2160000801086	-21.967751092162
4.2189998626709	-21.990120915974
4.2220001220703	-22.012692914726
4.2249999046326	-22.035465367763
4.2280001640320	-22.058440649398
4.2309999465942	-22.081617512018
4.2340002059937	-22.104995019970
4.2369999885559	-22.128573901382
4.2399997711182	-22.152357097608
4.2430000305176	-22.176341567354
4.2459998130798	-22.200531696877
4.2490000724792	-22.224926409426
4.2519998550415	-22.249526447049
4.2550001144409	-22.274334394335
4.2579998970032	-22.299351232272
4.2610001564026	-22.324578510809
4.2639999389648	-22.350019024273
4.2670001983643	-22.375673967727
4.2699999809265	-22.401545554705
4.2729997634888	-22.427637266132
4.2760000228882	-22.453949860276
4.2789998054504	-22.480488666089
4.2820000648499	-22.507253553415
4.2849998474121	-22.534250807751
4.2880001068115	-22.561481753541
4.2909998893738	-22.588951031257
4.2940001487732	-22.616661487650
4.2969999313354	-22.644618103172
4.3000001907349	-22.672824525888
4.3029999732971	-22.701283126331
4.3060002326965	-22.730000058587
4.3090000152588	-22.758979766231
4.3119997978210	-22.788227913751
4.3150000572205	-22.817748175780
4.3179998397827	-22.847545980088
4.3210000991821	-22.877626899599
4.3239998817444	-22.907997123213
4.3270001411438	-22.938659831779
4.3299999237061	-22.969623964964
4.3330001831055	-23.000893720308
4.3359999656677	-23.032475521734
4.3390002250671	-23.064375637703
4.3420000076294	-23.096600648367
4.3449997901917	-23.129158109648
4.3480000495911	-23.162053788205
4.3509998321533	-23.195295552491
4.3540000915527	-23.228889357092
4.3569998741150	-23.262842591364
4.3600001335144	-23.297164428596
4.3629999160767	-23.331862369664
4.3660001754761	-23.366941521010
4.3689999580383	-23.402411654502
4.3720002174377	-23.438281990968
4.3750000000000	-23.474559128309
4.3779997825623	-23.511251587174
4.3810000419617	-23.548369590634
4.3839998245239	-23.585918483028
4.3870000839233	-23.623910685080
4.3899998664856	-23.662353196626
4.3930001258850	-23.701255336402
4.3959999084473	-23.740626714856
4.3990001678467	-23.780478271032
4.4019999504089	-23.820815393051
4.4050002098083	-23.861650807852
4.4079999923706	-23.902993636797
4.4109997749329	-23.944855509505
4.4140000343323	-23.987244400352
4.4169998168945	-24.030170237510
4.4200000762939	-24.073645987225
4.4229998588562	-24.117677886334
4.4260001182556	-24.162280432623
4.4289999008179	-24.207462405223
4.4320001602173	-24.253234650831
4.4349999427795	-24.299609083714
4.4380002021790	-24.346595528271
4.4409999847412	-24.394205971575
4.4439997673035	-24.442451901766
4.4470000267029	-24.491343238907
4.4499998092651	-24.540893205762
4.4530000686646	-24.591111281194
4.4559998512268	-24.642011387919
4.4590001106262	-24.693604247004
4.4619998931885	-24.745901197540
4.4650001525879	-24.798917027872
4.4679999351501	-24.852660467297
4.4710001945496	-24.907143673370
4.4739999771118	-24.962380620204
4.4770002365112	-25.018383124371
4.4800000190735	-25.075161924164
4.4829998016357	-25.132732483422
4.4860000610352	-25.191105163407
4.4889998435974	-25.250292706067
4.4920001029968	-25.310307367295
4.4949998855591	-25.371161448617
4.4980001449585	-25.432869162854
4.5009999275208	-25.495440527087
4.5040001869202	-25.558891678662
4.5069999694824	-25.623230850658
4.5100002288818	-25.688473621297
4.5130000114441	-25.754630665800
4.5159997940063	-25.821715658277
4.5190000534058	-25.889740446445
4.5219998359680	-25.958716721724
4.5250000953674	-26.028656627317
4.5279998779297	-26.099572349006
4.5310001373291	-26.171474345957
4.5339999198914	-26.244375637872
4.5370001792908	-26.318286854174
4.5399999618530	-26.393218479465
4.5430002212524	-26.469181802405
4.5460000038147	-26.546185606065
4.5489997863770	-26.624240335884
4.5520000457764	-26.703356454498
4.5549998283386	-26.783540410237
4.5580000877380	-26.864801166738
4.5609998703003	-26.947146480933
4.5640001296997	-27.030582889664
4.5669999122620	-27.115116010243
4.5700001716614	-27.200750993219
4.5729999542236	-27.287491098308
4.5760002136230	-27.375340159865
4.5789999961853	-27.464297597835
4.5819997787476	-27.554364208472
4.5850000381470	-27.645539394060
4.5879998207092	-27.737819894609
4.5910000801086	-27.831199356976
4.5939998626709	-27.925672943058
4.5970001220703	-28.021231369168
4.5999999046326	-28.117859275596
4.6030001640320	-28.215546025272
4.6059999465942	-28.314274519949
4.6090002059937	-28.414022546109
4.6119999885559	-28.514767360050
4.6149997711182	-28.616481753144
4.6180000305176	-28.719133467315
4.6209998130798	-28.822687755407
4.6240000724792	-28.927103985195
4.6269998550415	-29.032333941544
4.6300001144409	-29.138327904060
4.6329998970032	-29.245029778874
4.6360001564026	-29.352374544007
4.6389999389648	-29.460290473827
4.6420001983643	-29.568701078123
4.6449999809265	-29.677517589814
4.6479997634888	-29.786646963081
4.6510000228882	-29.895985908796
4.6539998054504	-30.005419240314
4.6570000648499	-30.114824239707
4.6599998474121	-30.224066038880
4.6630001068115	-30.332998558130
4.6659998893738	-30.441465246211
4.6690001487732	-30.549295232531
4.6719999313354	-30.656307701309
4.6750001907349	-30.762307289539
4.6779999732971	-30.867083978132
4.6810002326965	-30.970419636574
4.6840000152588	-31.072076261000
4.6869997978210	-31.171807699260
4.6900000572205	-31.269354893545
4.6929998397827	-31.364445464034
4.6960000991821	-31.456796350059
4.6989998817444	-31.546114314417
4.7020001411438	-31.632099178968
4.7049999237061	-31.714442442298
4.7080001831055	-31.792831733456
4.7109999656677	-31.866952436150
4.7140002250671	-31.936489726291
4.7170000076294	-32.001132055593
4.7199997901917	-32.060574280248
4.7230000495911	-32.114521636360
4.7259998321533	-32.162694561137
4.7290000915527	-32.204825673015
4.7319998741150	-32.240671809747
4.7350001335144	-32.270012892220
4.7379999160767	-32.292654476746
4.7410001754761	-32.308435359908
4.7439999580383	-32.317226158521
4.7470002174377	-32.318930712809
4.7500000000000	-32.313489690489
4.7529997825623	-32.300884128489
4.7560000419617	-32.281130540150
4.7589998245239	-32.254284478206
4.7620000839233	-32.220435656896
4.7649998664856	-32.179713817629
4.7680001258850	-32.132274444810
4.7709999084473	-32.078310983059
4.7740001678467	-32.018039954408
4.7769999504089	-31.951704234734
4.7800002098083	-31.879568157497
4.7829999923706	-31.801911341510
4.7859997749329	-31.719026879193
4.7890000343323	-31.631220319631
4.7919998168945	-31.538804051213
4.7950000762939	-31.442092450778
4.7979998588562	-31.341400034397
4.8010001182556	-31.237042424298
4.8039999008179	-31.129327492066
4.8070001602173	-31.018558513139
4.8099999427795	-30.905029645080
4.8130002021790	-30.789025754265
4.8159999847412	-30.670821963003
4.8189997673035	-30.550679088383
4.8220000267029	-30.428846249117
4.8249998092651	-30.305561989750
4.8280000686646	-30.181050299335
4.8309998512268	-30.055519668040
4.8340001106262	-29.929169554979
4.8369998931885	-29.802182256886
4.8400001525879	-29.674732782826
4.8429999351501	-29.546979146487
4.8460001945496	-29.419067751204
4.8489999771118	-29.291138629163
4.8520002365112	-29.163315450725
4.8550000190735	-29.035714203835
4.8579998016357	-28.908441275718
4.8610000610352	-28.781593941907
4.8639998435974	-28.655258217768
4.8670001029968	-28.529517731881
4.8699998855591	-28.404443043171
4.8730001449585	-28.280098974425
4.8759999275208	-28.156548726011
4.8790001869202	-28.033841295697
4.8819999694824	-27.912026004056
4.8850002288818	-27.791145272410
4.8880000114441	-27.671237455105
4.8909997940063	-27.552334608650
4.8940000534058	-27.434466410083
4.8969998359680	-27.317658393757
4.9000000953674	-27.201931824995
4.9029998779297	-27.087305869797
4.9060001373291	-26.973797838607
4.9089999198914	-26.861419890527
4.9120001792908	-26.750182416308
4.9149999618530	-26.640095073284
4.9180002212524	-26.531163651108
4.9210000038147	-26.423393936168
4.9239997863770	-26.316788908813
4.9270000457764	-26.211348378074
4.9299998283386	-26.107076277402
4.9330000877380	-26.003969435660
4.9359998703003	-25.902025714994
4.9390001296997	-25.801242611911
4.9419999122620	-25.701615693966
4.9450001716614	-25.603141730496
4.9479999542236	-25.505813326729
4.9510002136230	-25.409624290946
4.9539999961853	-25.314568689853
4.9569997787476	-25.220640223369
4.9600000381470	-25.127828920000
4.9629998207092	-25.036127983324
4.9660000801086	-24.945528926403
4.9689998626709	-24.856022130303
4.9720001220703	-24.767598191344
4.9749999046326	-24.680249132336
4.9780001640320	-24.593964421099
4.9809999465942	-24.508734126382
4.9840002059937	-24.424548856755
4.9869999885559	-24.341399177964
4.9899997711182	-24.259273322351
4.9930000305176	-24.178162305947
4.9959998130798	-24.098055494884
4.9990000724792	-24.018943670495
5.0019998550415	-23.940815797591
5.0050001144409	-23.863660748112
5.0079998970032	-23.787468615140
5.0110001564026	-23.712230582742
5.0139999389648	-23.637935202545
5.0170001983643	-23.564572264893
5.0199999809265	-23.492130895577
5.0229997634888	-23.420602618918
5.0260000228882	-23.349976238986
5.0289998054504	-23.280242916069
5.0320000648499	-23.211391440759
5.0349998474121	-23.143413749894
5.0380001068115	-23.076296712113
5.0409998893738	-23.010035015695
5.0440001487732	-22.944617325384
5.0469999313354	-22.880032872377
5.0500001907349	-22.816272359443
5.0529999732971	-22.753328673743
5.0560002326965	-22.691190827781
5.0590000152588	-22.629850143619
5.0619997978210	-22.569297605192
5.0650000572205	-22.509525616449
5.0679998397827	-22.450523691779
5.0710000991821	-22.392282793872
5.0739998817444	-22.334797020476
5.0770001411438	-22.278054254686
5.0799999237061	-22.222048886434
5.0830001831055	-22.166770966297
5.0859999656677	-22.112212657759
5.0890002250671	-22.058367663442
5.0920000076294	-22.005224514814
5.0949997901917	-21.952778922579
5.0980000495911	-21.901021488645
5.1009998321533	-21.849942671544
5.1040000915527	-21.799538364812
5.1069998741150	-21.749798672729
5.1100001335144	-21.700716741584
5.1129999160767	-21.652285530900
5.1160001754761	-21.604497074480
5.1189999580383	-21.557344822273
5.1220002174377	-21.510821262395
5.1250000000000	-21.464921064945
5.1279997825623	-21.419634921530
5.1310000419617	-21.374957948294
5.1339998245239	-21.330881348645
5.1370000839233	-21.287400749424
5.1399998664856	-21.244509252914
5.1430001258850	-21.202198481028
5.1459999084473	-21.160463492680
5.1490001678467	-21.119298634698
5.1519999504089	-21.078695764793
5.1550002098083	-21.038650314643
5.1579999923706	-20.999156062920
5.1609997749329	-20.960206086764
5.1640000343323	-20.921796060043
5.1669998168945	-20.883918502973
5.1700000762939	-20.846567581337
5.1729998588562	-20.809739889509
5.1760001182556	-20.773427673342
5.1789999008179	-20.737625199741
5.1820001602173	-20.702327726604
5.1849999427795	-20.667530840360
5.1880002021790	-20.633228179889
5.1909999847412	-20.599413786003
5.1939997673035	-20.566082698964
5.1970000267029	-20.533231364271
5.1999998092651	-20.500852516376
5.2030000686646	-20.468944079408
5.2059998512268	-20.437496873677
5.2090001106262	-20.406509976942
5.2119998931885	-20.375975967965
5.2150001525879	-20.345891692048
5.2179999351501	-20.316251901141
5.2210001945496	-20.287051651560
5.2239999771118	-20.258287213578
5.2270002365112	-20.229953861672
5.2300000190735	-20.202044490630
5.2329998016357	-20.174560355618
5.2360000610352	-20.147492425480
5.2389998435974	-20.120838189660
5.2420001029968	-20.094592884996
5.2449998855591	-20.068752070732
5.2480001449585	-20.043312575541
5.2509999275208	-20.018269283772
5.2540001869202	-19.993620529082
5.2569999694824	-19.969359755922
5.2600002288818	-19.945484317136
5.2630000114441	-19.921990624792
5.2659997940063	-19.898874631471
5.2690000534058	-19.876132460497
5.2719998359680	-19.853760822922
5.2750000953674	-19.831756417538
5.2779998779297	-19.810115436081
5.2810001373291	-19.788834095932
5.2839999198914	-19.767909496683
5.2870001792908	-19.747338205125
5.2899999618530	-19.727116940494
5.2930002212524	-19.707241848944
5.2960000038147	-19.687711535149
5.2989997863770	-19.668519509952
5.3020000457764	-19.649667347980
5.3049998283386	-19.631148199975
5.3080000877380	-19.612961981521
5.3109998703003	-19.595103734681
5.3140001296997	-19.577570494472
5.3169999122620	-19.560361078722
5.3200001716614	-19.543472231823
5.3229999542236	-19.526901306709
5.3260002136230	-19.510645960239
5.3289999961853	-19.494703712407
5.3319997787476	-19.479069827638
5.3350000381470	-19.463744598008
5.3379998207092	-19.448724699394
5.3410000801086	-19.434008797784
5.3439998626709	-19.419593821827
5.3470001220703	-19.405476705891
5.3499999046326	-19.391657851878
5.3530001640320	-19.378132087209
5.3559999465942	-19.364898960318
5.3590002059937	-19.351956985205
5.3619999885559	-19.339304983358
5.3649997711182	-19.326937269603
5.3680000305176	-19.314856671959
5.3709998130798	-19.303059981036
5.3740000724792	-19.291544303142
5.3769998550415	-19.280309031471
5.3800001144409	-19.269352745182
5.3829998970032	-19.258672961354
5.3860001564026	-19.248269604967
5.3889999389648	-19.238140338499
5.3920001983643	-19.228285745775
5.3949999809265	-19.218700801996
5.3979997634888	-19.209388570547
5.4010000228882	-19.200345893077
5.4039998054504	-19.191571269127
5.4070000648499	-19.183065361789
5.4099998474121	-19.174824971659
5.4130001068115	-19.166850769819
5.4159998893738	-19.159142972174
5.4190001487732	-19.151698660969
5.4219999313354	-19.144517323717
5.4250001907349	-19.137601251990
5.4279999732971	-19.130944634452
5.4310002326965	-19.124551874172
5.4340000152588	-19.118419989750
5.4369997978210	-19.112550088927
5.4400000572205	-19.106940129627
5.4429998397827	-19.101592236350
5.4460000991821	-19.096503606868
5.4489998817444	-19.091675234363
5.4520001411438	-19.087106909858
5.4549999237061	-19.082799397759
5.4580001831055	-19.078751928776
5.4609999656677	-19.074965161521
5.4640002250671	-19.071436586546
5.4670000076294	-19.068171754141
5.4699997901917	-19.065165651777
5.4730000495911	-19.062422514869
5.4759998321533	-19.059939315293
5.4790000915527	-19.057719589365
5.4819998741150	-19.055762435473
5.4850001335144	-19.054069012662
5.4879999160767	-19.052638071457
5.4910001754761	-19.051473566508
5.4939999580383	-19.050573584144
5.4970002174377	-19.049939458744
5.5000000000000	-19.049573603583
5.5029997825623	-19.049474506654
5.5060000419617	-19.049645634735
5.5089998245239	-19.050085886011
5.5120000839233	-19.050798090239
5.5149998664856	-19.051782747367
5.5180001258850	-19.053040908627
5.5209999084473	-19.054573495433
5.5240001678467	-19.056383297976
5.5269999504089	-19.058470468663
5.5300002098083	-19.060835362651
5.5329999923706	-19.063482949651
5.5359997749329	-19.066412061053
5.5390000343323	-19.069624800640
5.5419998168945	-19.073124155246
5.5450000762939	-19.076910615848
5.5479998588562	-19.080984953992
5.5510001182556	-19.085351748382
5.5539999008179	-19.090011365170
5.5570001602173	-19.094965296650
5.5599999427795	-19.100216041714
5.5630002021790	-19.105767033605
5.5659999847412	-19.111618942387
5.5689997673035	-19.117773433665
5.5720000267029	-19.124235288717
5.5749998092651	-19.131004446403
5.5780000686646	-19.138082744359
5.5809998512268	-19.145475436536
5.5840001106262	-19.153182216118
5.5869998931885	-19.161207493240
5.5900001525879	-19.169554208553
5.5929999351501	-19.178222877823
5.5960001945496	-19.187217596299
5.5989999771118	-19.196541119159
5.6020002365112	-19.206195435427
5.6050000190735	-19.216184821915
5.6079998016357	-19.226511105067
5.6110000610352	-19.237178205253
5.6139998435974	-19.248187777843
5.6170001029968	-19.259543915430
5.6199998855591	-19.271248717537
5.6230001449585	-19.283307609348
5.6259999275208	-19.295721531672
5.6290001869202	-19.308495897647
5.6319999694824	-19.321632222663
5.6350002288818	-19.335134346534
5.6380000114441	-19.349006406587
5.6409997940063	-19.363252756805
5.6440000534058	-19.377873434352
5.6469998359680	-19.392876420856
5.6500000953674	-19.408262618776
5.6529998779297	-19.424037230269
5.6560001373291	-19.440203861666
5.6589999198914	-19.456766189014
5.6620001792908	-19.473727524135
5.6649999618530	-19.491091883354
5.6680002212524	-19.508865864670
5.6710000038147	-19.527050203546
5.6739997863770	-19.545651088412
5.6770000457764	-19.564672364463
5.6799998283386	-19.584118479147
5.6830000877380	-19.603992687581
5.6859998703003	-19.624301511198
5.6890001296997	-19.645047790803
5.6919999122620	-19.666236409674
5.6950001716614	-19.687872256503
5.6979999542236	-19.709960474360
5.7010002136230	-19.732505821062
5.7039999961853	-19.755511060634
5.7069997787476	-19.778984176253
5.7100000381470	-19.802928191562
5.7129998207092	-19.827349568717
5.7160000801086	-19.852251631760
5.7189998626709	-19.877641262491
5.7220001220703	-19.903523262431
5.7249999046326	-19.929901931022
5.7280001640320	-19.956784163344
5.7309999465942	-19.984174660507
5.7340002059937	-20.012079734669
5.7369999885559	-20.040504372064
5.7399997711182	-20.069454802058
5.7430000305176	-20.098936060613
5.7459998130798	-20.128954769810
5.7490000724792	-20.159517129472
5.7519998550415	-20.190628962886
5.7550001144409	-20.222296776594
5.7579998970032	-20.254526193566
5.7610001564026	-20.287324455128
5.7639999389648	-20.320697187940
5.7670001983643	-20.354652499441
5.7699999809265	-20.389194777029
5.7729997634888	-20.424333202719
5.7760000228882	-20.460071418007
5.7789998054504	-20.496420376751
5.7820000648499	-20.533386807854
5.7849998474121	-20.570975936018
5.7880001068115	-20.609195175728
5.7909998893738	-20.648052626100
5.7940001487732	-20.687556721403
5.7969999313354	-20.727713698487
5.8000001907349	-20.768534020162
5.8029999732971	-20.810022844223
5.8060002326965	-20.852189310602
5.8090000152588	-20.895041594646
5.8119997978210	-20.938588864899
5.8150000572205	-20.982839753548
5.8179998397827	-21.027801760967
5.8210000991821	-21.073486305718
5.8239998817444	-21.119898298619
5.8270001411438	-21.167050589812
5.8299999237061	-21.214951930611
5.8330001831055	-21.263611035436
5.8359999656677	-21.313037941347
5.8390002250671	-21.363242076492
5.8420000076294	-21.414233650853
5.8449997901917	-21.466024867519
5.8480000495911	-21.518623607345
5.8509998321533	-21.572044112705
5.8540000915527	-21.626292332500
5.8569998741150	-21.681385001755
5.8600001335144	-21.737328515417
5.8629999160767	-21.794138151401
5.8660001754761	-21.851825371416
5.8689999580383	-21.910398735792
5.8720002174377	-21.969874548107
5.8750000000000	-22.030264605677
5.8779997825623	-22.091580446301
5.8810000419617	-22.153836470904
5.8839998245239	-22.217046770868
5.8870000839233	-22.281222174723
5.8899998664856	-22.346380017871
5.8930001258850	-22.412533446986
5.8959999084473	-22.479697421533
5.8990001678467	-22.547886341323
5.9019999504089	-22.617116621080
5.9050002098083	-22.687403252361
5.9079999923706	-22.758760225030
5.9109997749329	-22.831208863156
5.9140000343323	-22.904762939029
5.9169998168945	-22.979439567674
5.9200000762939	-23.055257524403
5.9229998588562	-23.132232891527
5.9260001182556	-23.210386969186
5.9289999008179	-23.289737556066
5.9320001602173	-23.370304746775
5.9349999427795	-23.452107614383
5.9380002021790	-23.535166315585
5.9409999847412	-23.619502971886
5.9439997673035	-23.705137321251
5.9470000267029	-23.792093764845
5.9499998092651	-23.880392903803
5.9530000686646	-23.970057631208
5.9559998512268	-24.061114006792
5.9590001106262	-24.153584885009
5.9619998931885	-24.247494285295
5.9650001525879	-24.342869446929
5.9679999351501	-24.439735971742
5.9710001945496	-24.538119818841
5.9739999771118	-24.638049665119
5.9770002365112	-24.739554443531
5.9800000190735	-24.842661575695
5.9829998016357	-24.947401600231
5.9860000610352	-25.053805272789
5.9889998435974	-25.161902456148
5.9920001029968	-25.271727679614
5.9949998855591	-25.383311548048
5.9980001449585	-25.496689225770
6.0009999275208	-25.611893637115
6.0040001869202	-25.728961458815
6.0069999694824	-25.847927778992
6.0100002288818	-25.968829697167
6.0130000114441	-26.091704416066
6.0159997940063	-26.216591130689
6.0190000534058	-26.343529608741
6.0219998359680	-26.472557312115
6.0250000953674	-26.603716850035
6.0279998779297	-26.737048845874
6.0310001373291	-26.872595195201
6.0339999198914	-27.010399174188
6.0370001792908	-27.150502012044
6.0399999618530	-27.292948289870
6.0430002212524	-27.437780155656
6.0460000038147	-27.585042891463
6.0489997863770	-27.734777949089
6.0520000457764	-27.887030411295
6.0549998283386	-28.041839919345
6.0580000877380	-28.199250110273
6.0609998703003	-28.359300634509
6.0640001296997	-28.522031193517
6.0669999122620	-28.687478324473
6.0700001716614	-28.855674626915
6.0729999542236	-29.026652544318
6.0760002136230	-29.200438321142
6.0789999961853	-29.377053869517
6.0819997787476	-29.556516348788
6.0850000381470	-29.738834420480
6.0879998207092	-29.924010525628
6.0910000801086	-30.112033131665
6.0939998626709	-30.302883570600
6.0970001220703	-30.496528406853
6.0999999046326	-30.692917468242
6.1030001640320	-30.891984100273
6.1059999465942	-31.093637579939
6.1090002059937	-31.297766271394
6.1119999885559	-31.504226370633
6.1149997711182	-31.712842649321
6.1180000305176	-31.923406300134
6.1209998130798	-32.135660581514
6.1240000724792	-32.349303529865
6.1269998550415	-32.563979535579
6.1300001144409	-32.779271262300
6.1329998970032	-32.994692198183
6.1360001564026	-33.209684119041
6.1389999389648	-33.423609024969
6.1420001983643	-33.635737349432
6.1449999809265	-33.845248430881
6.1479997634888	-34.051225719585
6.1510000228882	-34.252651968435
6.1539998054504	-34.448413179848
6.1570000648499	-34.637302477942
6.1599998474121	-34.818025044991
6.1630001068115	-34.989220501826
6.1659998893738	-35.149479127126
6.1690001487732	-35.297365781843
6.1719999313354	-35.431458917395
6.1750001907349	-35.550385517265
6.1779999732971	-35.652865030477
6.1810002326965	-35.737753776869
6.1840000152588	-35.804089062612
6.1869997978210	-35.851123781524
6.1900000572205	-35.878370765459
6.1929998397827	-35.885611130203
6.1960000991821	-35.872911236822
6.1989998817444	-35.840620242196
6.2020001411438	-35.789352513253
6.2049999237061	-35.719958590273
6.2080001831055	-35.633493437379
6.2109999656677	-35.531173015150
6.2140002250671	-35.414327199304
6.2170000076294	-35.284360162390
6.2199997901917	-35.142702210454
6.2230000495911	-34.990785280306
6.2259998321533	-34.829998975760
6.2290000915527	-34.661679770647
6.2319998741150	-34.487081752410
6.2350001335144	-34.307371865896
6.2379999160767	-34.123621515268
6.2410001754761	-33.936804466599
6.2439999580383	-33.747791261929
6.2470002174377	-33.557363239143
6.2500000000000	-33.366204680571
6.2529997825623	-33.174923978116
6.2560000419617	-32.984041389572
6.2589998245239	-32.794014530114
6.2620000839233	-32.605229603798
6.2649998664856	-32.418021156919
6.2680001258850	-32.232670421600
6.2709999084473	-32.049411366529
6.2740001678467	-31.868437366603
6.2769999504089	-31.689914083971
6.2800002098083	-31.513966950899
6.2829999923706	-31.340700255435
6.2859997749329	-31.170194353378
6.2890000343323	-31.002508292347
6.2919998168945	-30.837686598159
6.2950000762939	-30.675758619456
6.2979998588562	-30.516736939062
6.3010001182556	-30.360628984007
6.3039999008179	-30.207429598024
6.3070001602173	-30.057128003601
6.3099999427795	-29.909705832600
6.3130002021790	-29.765138951809
6.3159999847412	-29.623399974872
6.3189997673035	-29.484456744724
6.3220000267029	-29.348276288056
6.3249998092651	-29.214817946233
6.3280000686646	-29.084046531736
6.3309998512268	-28.955919816601
6.3340001106262	-28.830395816473
6.3369998931885	-28.707434485385
6.3400001525879	-28.586989002452
6.3429999351501	-28.469019242966
6.3460001945496	-28.353481392628
6.3489999771118	-28.240331022896
6.3520002365112	-28.129528401804
6.3550000190735	-28.021027236740
6.3579998016357	-27.914785870290
6.3610000610352	-27.810764996863
6.3639998435974	-27.708920080832
6.3670001029968	-27.609212430907
6.3699998855591	-27.511600506332
6.3730001449585	-27.416045064224
6.3759999275208	-27.322508733552
6.3790001869202	-27.230952778849
6.3819999694824	-27.141338741418
6.3850002288818	-27.053630944236
6.3880000114441	-26.967794561513
6.3909997940063	-26.883791034753
6.3940000534058	-26.801587032601
6.3969998359680	-26.721148760169
6.4000000953674	-26.642441905777
6.4029998779297	-26.565435570802
6.4060001373291	-26.490095492588
6.4089999198914	-26.416390405376
6.4120001792908	-26.344290506660
6.4149999618530	-26.273764876177
6.4180002212524	-26.204782611842
6.4210000038147	-26.137315582024
6.4239997863770	-26.071332193906
6.4270000457764	-26.006805687378
6.4299998283386	-25.943710137914
6.4330000877380	-25.882013686345
6.4359998703003	-25.821691096058
6.4390001296997	-25.762715538048
6.4419999122620	-25.705059628538
6.4450001716614	-25.648697237901
6.4479999542236	-25.593602253341
6.4510002136230	-25.539750780587
6.4539999961853	-25.487117047046
6.4569997787476	-25.435673006264
6.4600000381470	-25.385397764752
6.4629998207092	-25.336262494063
6.4660000801086	-25.288246142856
6.4689998626709	-25.241324327214
6.4720001220703	-25.195469714148
6.4749999046326	-25.150658764784
6.4780001640320	-25.106871456234
6.4809999465942	-25.064078372610
6.4840002059937	-25.022261474629
6.4869999885559	-24.981393170924
6.4899997711182	-24.941449027792
6.4930000305176	-24.902410116419
6.4959998130798	-24.864247517443
6.4990000724792	-24.826940578304
6.5019998550415	-24.790466026128
6.5050001144409	-24.754799066818
6.5079998970032	-24.719914314495
6.5110001564026	-24.685791842679
6.5139999389648	-24.652407053070
6.5170001983643	-24.619733217099
6.5199999809265	-24.587750910203
6.5229997634888	-24.556431642469
6.5260000228882	-24.525753467175
6.5289998054504	-24.495693386262
6.5320000648499	-24.466225129513
6.5349998474121	-24.437326221768
6.5380001068115	-24.408971320319
6.5409998893738	-24.381135555571
6.5440001487732	-24.353794629612
6.5469999313354	-24.326924852321
6.5500001907349	-24.300500346802
6.5529999732971	-24.274494259536
6.5560002326965	-24.248884474259
6.5590000152588	-24.223645419965
6.5619997978210	-24.198752229098
6.5650000572205	-24.174177819745
6.5679998397827	-24.149897229217
6.5710000991821	-24.125885670709
6.5739998817444	-24.102116615153
6.5770001411438	-24.078566888152
6.5799999237061	-24.055209096967
6.5830001831055	-24.032016322097
6.5859999656677	-24.008965218222
6.5890002250671	-23.986028791651
6.5920000076294	-23.963184544492
6.5949997901917	-23.940402427555
6.5980000495911	-23.917660387863
6.6009998321533	-23.894931795349
6.6040000915527	-23.872192257454
6.6069998741150	-23.849415144516
6.6100001335144	-23.826576878279
6.6129999160767	-23.803653286222
6.6160001754761	-23.780619793444
6.6189999580383	-23.757449569520
6.6220002174377	-23.734124308707
6.6250000000000	-23.710616184845
6.6279997825623	-23.686901029264
6.6310000419617	-23.662962492767
6.6339998245239	-23.638770456886
6.6370000839233	-23.614310182531
6.6399998664856	-23.589554877617
6.6430001258850	-23.564487367884
6.6459999084473	-23.539086007271
6.6490001678467	-23.513332555320
6.6519999504089	-23.487206734828
6.6550002098083	-23.460689041580
6.6579999923706	-23.433763558833
6.6609997749329	-23.406415277694
6.6640000343323	-23.378625314501
6.6669998168945	-23.350380595691
6.6700000762939	-23.321664969996
6.6729998588562	-23.292466818660
6.6760001182556	-23.262771194846
6.6789999008179	-23.232568080149
6.6820001602173	-23.201847848626
6.6849999427795	-23.170599105263
6.6880002021790	-23.138812088329
6.6909999847412	-23.106479871483
6.6939997673035	-23.073598263947
6.6970000267029	-23.040157935579
6.6999998092651	-23.006154191134
6.7030000686646	-22.971587189695
6.7059998512268	-22.936450357295
6.7090001106262	-22.900743467550
6.7119998931885	-22.864465512914
6.7150001525879	-22.827617946633
6.7179999351501	-22.790201217333
6.7210001945496	-22.752219357158
6.7239999771118	-22.713674737274
6.7270002365112	-22.674570142359
6.7300000190735	-22.634915067676
6.7329998016357	-22.594713207543
6.7360000610352	-22.553973134304
6.7389998435974	-22.512703190842
6.7420001029968	-22.470910436771
6.7449998855591	-22.428608137631
6.7480001449585	-22.385804779749
6.7509999275208	-22.342514062939
6.7540001869202	-22.298746082725
6.7569999694824	-22.254517635919
6.7600002288818	-22.209838800107
6.7630000114441	-22.164728271259
6.7659997940063	-22.119197418166
6.7690000534058	-22.073264223407
6.7719998359680	-22.026944210413
6.7750000953674	-21.980255914366
6.7779998779297	-21.933215619853
6.7810001373291	-21.885841636701
6.7839999198914	-21.838152731833
6.7870001792908	-21.790165872586
6.7899999618530	-21.741902511830
6.7930002212524	-21.693380829720
6.7960000038147	-21.644620465182
6.7989997863770	-21.595640679998
6.8020000457764	-21.546463541292
6.8049998283386	-21.497108334628
6.8080000877380	-21.447594029350
6.8109998703003	-21.397944185909
6.8140001296997	-21.348176280301
6.8169999122620	-21.298313061922
6.8200001716614	-21.248373366519
6.8229999542236	-21.198380317121
6.8260002136230	-21.148352967052
6.8289999961853	-21.098312036112
6.8319997787476	-21.048277655303
6.8350000381470	-20.998271344915
6.8379998207092	-20.948312638546
6.8410000801086	-20.898422033307
6.8439998626709	-20.848619533100
6.8470001220703	-20.798923931008
6.8499999046326	-20.749356377953
6.8530001640320	-20.699935527215
6.8559999465942	-20.650680988939
6.8590002059937	-20.601611334049
6.8619999885559	-20.552744861570
6.8649997711182	-20.504100987562
6.8680000305176	-20.455698647420
6.8709998130798	-20.407554625572
6.8740000724792	-20.359686593892
6.8769998550415	-20.312112846826
6.8800001144409	-20.264851620372
6.8829998970032	-20.217917297775
6.8860001564026	-20.171327608519
6.8889999389648	-20.125099436845
6.8920001983643	-20.079248311823
6.8949999809265	-20.033791810376
6.8979997634888	-19.988742124402
6.9010000228882	-19.944117604626
6.9039998054504	-19.899931791185
6.9070000648499	-19.856199876696
6.9099998474121	-19.812935762841
6.9130001068115	-19.770154374470
6.9159998893738	-19.727868972537
6.9190001487732	-19.686093079536
6.9219999313354	-19.644841316881
6.9250001907349	-19.604125853792
6.9279999732971	-19.563959671879
6.9310002326965	-19.524354889654
6.9340000152588	-19.485325369135
6.9369997978210	-19.446882474063
6.9400000572205	-19.409036661885
6.9429998397827	-19.371802762159
6.9460000991821	-19.335188582593
6.9489998817444	-19.299209723550
6.9520001411438	-19.263873941932
6.9549999237061	-19.229192695693
6.9580001831055	-19.195177487963
6.9609999656677	-19.161838949421
6.9640002250671	-19.129186866937
6.9670000076294	-19.097231022829
6.9699997901917	-19.065982108347
6.9730000495911	-19.035450408006
6.9759998321533	-19.005644275012
6.9790000915527	-18.976574172772
6.9819998741150	-18.948250361333
6.9850001335144	-18.920679610072
6.9879999160767	-18.893874523528
6.9910001754761	-18.867840261801
6.9939999580383	-18.842589468440
6.9970002174377	-18.818127920940
7.0000000000000	-18.794467058665
